1.437400150299072266e+01 4.758900451660156250e+01 3.314031372070312500e+02
3.913462448120117188e+01 3.133512878417968750e+01 2.807445678710937500e+02
2.782158279418945312e+01 1.639932823181152344e+01 2.995670166015625000e+03
5.513747215270996094e+00 2.712676811218261719e+01 3.610610046386718750e+02
4.622719192504882812e+01 4.681333541870117188e+01 3.802627258300781250e+02
3.966078948974609375e+01 3.441247177124023438e+01 1.414519287109375000e+03
3.046152687072753906e+01 1.065860557556152344e+01 3.400246276855468750e+02
1.951938438415527344e+01 3.437157058715820312e+01 3.843594970703125000e+02
1.156689453125000000e+01 3.350508499145507812e+01 3.640968017578125000e+02
3.790261840820312500e+01 4.539340591430664062e+01 3.238871459960937500e+02
2.747059440612792969e+01 2.121947526931762695e+00 9.286629882812500000e+03
1.975314903259277344e+01 4.224126815795898438e+01 5.120886230468750000e+02
4.326478576660156250e+01 4.388120651245117188e+01 3.514685363769531250e+02
1.930049514770507812e+01 2.759953260421752930e+00 2.883949584960937500e+02
1.627658843994140625e+01 3.659304809570312500e+01 9.581006469726562500e+02
2.477895736694335938e+01 4.515136778354644775e-01 3.372375793457031250e+02
3.508987045288085938e+01 3.134332180023193359e+00 1.112034912109375000e+03
3.729720687866210938e+01 5.304722309112548828e+00 3.891399902343750000e+03
1.769564819335937500e+01 2.081064605712890625e+01 3.806008911132812500e+02
4.306920623779296875e+01 4.301057434082031250e+01 5.968349609375000000e+03
2.541006088256835938e+00 9.358902931213378906e+00 4.791040344238281250e+02
2.557599258422851562e+01 2.778329849243164062e+00 1.489362792968750000e+04
1.591841602325439453e+01 2.976943778991699219e+01 9.903630981445312500e+02
3.000124168395996094e+01 1.909729766845703125e+01 1.286878295898437500e+03
2.221941471099853516e+00 2.284490966796875000e+01 2.972559509277343750e+02
2.875403404235839844e+00 8.153170585632324219e+00 3.956607666015625000e+02
1.228432464599609375e+01 4.161113739013671875e+01 7.672088012695312500e+02
2.619972991943359375e+01 2.945066452026367188e+01 7.411435546875000000e+02
2.072098541259765625e+01 2.875416517257690430e+00 2.887340087890625000e+02
1.681089401245117188e+01 4.479859924316406250e+01 4.331824035644531250e+02
3.851994705200195312e+01 3.022453689575195312e+01 2.675980468750000000e+03
2.841089630126953125e+01 3.410647201538085938e+01 3.649166870117187500e+02
1.610678863525390625e+01 1.990032386779785156e+01 8.145449218750000000e+02
1.109680771827697754e+00 1.505731582641601562e+01 2.695142211914062500e+02
1.334814929962158203e+01 1.590559577941894531e+01 2.918247985839843750e+02
3.430801010131835938e+01 3.296595382690429688e+01 3.225696105957031250e+02
6.677636504173278809e-02 3.781563568115234375e+01 3.058471374511718750e+02
3.202443313598632812e+01 3.893201828002929688e+01 4.674455871582031250e+02
1.676694297790527344e+01 4.136825942993164062e+01 4.296455993652343750e+02
4.117265701293945312e+01 4.173022842407226562e+01 2.949050903320312500e+02
2.581970787048339844e+01 5.696580886840820312e+00 5.681958007812500000e+02
3.785435485839843750e+01 3.275802612304687500e+01 3.387696533203125000e+02
1.262367820739746094e+01 3.845496368408203125e+01 3.087470092773437500e+02
1.577613353729248047e+01 4.224232101440429688e+01 2.558237915039062500e+02
1.616088676452636719e+01 2.119914245605468750e+01 3.567414245605468750e+02
1.466251087188720703e+01 4.889865875244140625e+01 1.316253540039062500e+03
1.248998165130615234e+01 3.684810638427734375e+01 5.749342041015625000e+02
3.870985031127929688e+00 1.864873123168945312e+01 1.623432250976562500e+03
5.166261196136474609e+00 4.603208160400390625e+01 2.716354980468750000e+02
6.077420234680175781e+00 2.292270851135253906e+01 3.626018981933593750e+02
1.631941676139831543e+00 2.518084907531738281e+01 3.678595458984375000e+03
2.959115028381347656e+01 3.391318511962890625e+01 3.769738159179687500e+02
2.731490707397460938e+01 3.283539581298828125e+01 1.859497436523437500e+03
2.314061355590820312e+01 1.063735198974609375e+01 2.633320922851562500e+02
1.710127639770507812e+01 4.496998977661132812e+01 5.801943359375000000e+02
2.412298440933227539e+00 1.948323822021484375e+01 5.462956542968750000e+02
8.377886772155761719e+00 1.315513324737548828e+01 2.701244506835937500e+02
1.935496330261230469e+01 2.103942871093750000e+01 9.053005371093750000e+02
1.403782367706298828e+01 3.755183410644531250e+01 4.618716430664062500e+02
4.202065277099609375e+01 4.741872406005859375e+01 3.365033264160156250e+02
1.909327125549316406e+01 7.583150386810302734e+00 2.605542602539062500e+02
4.811261749267578125e+01 2.672095680236816406e+01 1.156826782226562500e+03
3.939387893676757812e+01 8.000446319580078125e+00 7.898823242187500000e+02
1.415726947784423828e+01 1.064515876770019531e+01 6.322529907226562500e+02
1.349400138854980469e+01 9.089247703552246094e+00 1.042652832031250000e+03
4.254831695556640625e+01 7.124734401702880859e+00 9.972363891601562500e+02
1.032621765136718750e+01 3.006034660339355469e+01 1.441020141601562500e+03
4.107410049438476562e+01 5.064380168914794922e+00 2.811935424804687500e+02
3.569047546386718750e+01 1.698535680770874023e+00 8.009611816406250000e+02
1.477482604980468750e+01 2.248039054870605469e+01 7.173107910156250000e+03
1.370802688598632812e+01 3.646210479736328125e+01 3.730627136230468750e+02
3.997790527343750000e+01 4.155989074707031250e+01 3.986452331542968750e+02
2.787952613830566406e+01 2.714505386352539062e+01 3.831377929687500000e+03
2.757456779479980469e+01 1.230261039733886719e+01 9.527275390625000000e+02
2.360562515258789062e+01 3.932427597045898438e+01 3.924666137695312500e+02
3.471635437011718750e+01 3.017745018005371094e+01 1.816808349609375000e+03
4.300670623779296875e+01 2.726631736755371094e+01 4.004353942871093750e+02
4.575931167602539062e+01 3.090470314025878906e+00 4.138064270019531250e+02
1.434983634948730469e+01 6.610658168792724609e+00 5.685275878906250000e+02
3.460593414306640625e+01 2.692481994628906250e+01 6.535275268554687500e+02
6.131476163864135742e-01 4.060441589355468750e+01 3.852882690429687500e+02
2.188401985168457031e+01 1.292950248718261719e+01 3.517974548339843750e+02
3.997311019897460938e+01 2.609201049804687500e+01 6.485590209960937500e+02
6.258920192718505859e+00 3.145540046691894531e+01 1.844199609375000000e+04
9.245920181274414062e+00 4.601145553588867188e+01 6.561420898437500000e+02
3.550439834594726562e+01 2.799933815002441406e+01 3.307968139648437500e+02
2.883345603942871094e+01 3.877436447143554688e+01 3.095416564941406250e+02
3.820258712768554688e+01 2.081069755554199219e+01 4.590669250488281250e+02
3.379541015625000000e+01 1.939641380310058594e+01 1.250194091796875000e+03
4.548298263549804688e+01 3.878819656372070312e+01 3.014046325683593750e+02
2.279547500610351562e+01 1.882133293151855469e+01 2.503897552490234375e+02
4.139849853515625000e+01 9.133861541748046875e+00 2.927606201171875000e+02
1.756779861450195312e+01 4.059103775024414062e+01 4.096523132324218750e+02
4.134022140502929688e+01 3.679855346679687500e+01 2.696426391601562500e+02
2.298193931579589844e+01 2.142816305160522461e+00 4.972509765625000000e+03
1.669807052612304688e+01 1.283553123474121094e+01 5.985560913085937500e+02
9.047081947326660156e+00 3.544223785400390625e+01 3.767882995605468750e+02
1.769997215270996094e+01 3.806419754028320312e+01 5.006422363281250000e+03
1.663073348999023438e+01 3.463570022583007812e+01 1.565374145507812500e+03
2.795666503906250000e+01 2.198272514343261719e+01 3.536923522949218750e+02
1.457727336883544922e+01 4.076737594604492188e+01 4.956245117187500000e+02
1.522511243820190430e+00 3.501309967041015625e+01 5.251452026367187500e+02
4.090468597412109375e+01 2.455029869079589844e+01 2.983363342285156250e+02
4.206024932861328125e+01 3.732541275024414062e+01 2.971786804199218750e+02
2.108905029296875000e+01 1.733625030517578125e+01 7.215412597656250000e+02
2.008581876754760742e+00 2.137182998657226562e+01 8.445511474609375000e+02
1.433916807174682617e+00 2.912476730346679688e+01 5.162392578125000000e+02
3.913788604736328125e+01 3.394215393066406250e+01 2.074055908203125000e+03
2.921281051635742188e+01 1.453161621093750000e+01 5.257250366210937500e+02
1.414328575134277344e+01 3.793716430664062500e+01 4.850257873535156250e+02
4.564122772216796875e+01 4.451816177368164062e+01 1.002527709960937500e+03
1.230982112884521484e+01 2.476064491271972656e+01 3.846351013183593750e+02
1.946392059326171875e+01 2.568216323852539062e+01 2.600127868652343750e+02
6.365062713623046875e+00 2.771484947204589844e+01 5.505991210937500000e+02
4.183682632446289062e+01 4.447846603393554688e+01 5.061884460449218750e+02
3.612609863281250000e+01 3.788677215576171875e+01 6.765159912109375000e+02
4.555632400512695312e+01 7.514024972915649414e-01 3.280342407226562500e+02
7.059609413146972656e+00 4.080766201019287109e+00 3.769348754882812500e+02
3.557685470581054688e+01 4.190878677368164062e+01 4.999391479492187500e+02
1.284070777893066406e+01 2.650582551956176758e+00 3.211865539550781250e+02
9.663848876953125000e+00 6.654395103454589844e+00 3.605007421875000000e+04
1.397128391265869141e+01 2.151547241210937500e+01 4.566277770996093750e+02
2.661405563354492188e+01 1.210154819488525391e+01 2.555890960693359375e+02
3.299254608154296875e+01 1.866788148880004883e+00 2.787001367187500000e+04
1.095872879028320312e+01 4.862259674072265625e+01 3.982944641113281250e+02
8.701409339904785156e+00 4.807470321655273438e+01 3.003349914550781250e+02
4.099810409545898438e+01 4.210495376586914062e+01 6.415427246093750000e+02
2.267465972900390625e+01 1.994926834106445312e+01 6.192959594726562500e+02
4.534329605102539062e+01 3.654405975341796875e+01 5.391713256835937500e+02
3.300626373291015625e+01 1.956448936462402344e+01 5.393334960937500000e+02
3.110050916671752930e+00 9.569016456604003906e+00 2.991729492187500000e+03
2.091459465026855469e+01 4.472240829467773438e+01 3.090301513671875000e+02
4.558097076416015625e+01 2.912297439575195312e+01 2.644101562500000000e+02
2.857637596130371094e+01 1.145357990264892578e+01 2.781407470703125000e+02
4.424239730834960938e+01 7.344808101654052734e+00 3.262272644042968750e+02
3.244782638549804688e+01 2.006115913391113281e+01 4.507718811035156250e+02
2.604404830932617188e+01 4.673910140991210938e+01 3.947782897949218750e+02
3.291329956054687500e+01 1.961614251136779785e+00 4.025737915039062500e+02
3.816690063476562500e+01 3.517663574218750000e+01 2.011957397460937500e+03
1.106147861480712891e+01 1.452297401428222656e+01 4.770661621093750000e+02
7.684065341949462891e+00 5.884132385253906250e+00 4.506139221191406250e+02
2.110751152038574219e+01 3.137298583984375000e+01 6.015894165039062500e+02
8.717932701110839844e+00 3.271387481689453125e+01 2.713595703125000000e+03
4.355105209350585938e+01 1.802785873413085938e+01 2.698037812500000000e+05
1.908897590637207031e+01 4.815777969360351562e+01 3.283626403808593750e+02
5.675805568695068359e+00 4.015059661865234375e+01 3.468367004394531250e+02
3.992869567871093750e+01 4.104006195068359375e+01 3.312042846679687500e+02
1.240333652496337891e+01 3.535308837890625000e+01 3.069888610839843750e+02
2.721898651123046875e+01 2.825430679321289062e+01 2.528649291992187500e+02
4.552986526489257812e+01 2.246977996826171875e+01 2.469083984375000000e+03
2.542649078369140625e+01 3.121002578735351562e+01 1.058041870117187500e+03
3.464492034912109375e+01 2.228693389892578125e+01 1.055883300781250000e+03
3.498938369750976562e+01 3.882936477661132812e+01 1.456264648437500000e+03
4.239836120605468750e+01 2.805969238281250000e+01 2.973221130371093750e+02
3.181155014038085938e+01 4.334210968017578125e+01 5.727476806640625000e+02
2.725256729125976562e+01 4.316621017456054688e+01 3.013994384765625000e+03
3.811475753784179688e+01 1.228963947296142578e+01 4.601110534667968750e+02
3.160240364074707031e+01 1.035210037231445312e+01 1.269281494140625000e+03
4.373770141601562500e+01 3.022574424743652344e+01 2.674680175781250000e+02
2.168911361694335938e+01 4.274726867675781250e+01 5.514259033203125000e+02
9.286625862121582031e+00 3.710960006713867188e+01 2.997211914062500000e+03
3.648091125488281250e+01 4.227938461303710938e+01 4.450962829589843750e+02
1.533285331726074219e+01 4.045179748535156250e+01 2.577583007812500000e+02
3.611818695068359375e+01 4.283380508422851562e+01 7.624820556640625000e+02
4.266683578491210938e+01 3.850738143920898438e+01 4.786714355468750000e+03
2.717633819580078125e+01 3.336795330047607422e+00 3.118667602539062500e+02
1.405845832824707031e+01 4.152220535278320312e+01 3.016760009765625000e+03
1.616455078125000000e+01 3.344375610351562500e+01 2.366530029296875000e+03
1.542037868499755859e+01 3.915103530883789062e+01 5.262747802734375000e+02
4.150683212280273438e+01 2.872572135925292969e+01 3.416856079101562500e+02
1.641550254821777344e+01 2.291050720214843750e+01 3.198565673828125000e+02
2.070178985595703125e+01 3.995606613159179688e+01 4.685462341308593750e+02
2.572526168823242188e+01 1.633853340148925781e+01 3.579938049316406250e+02
5.686003684997558594e+00 4.414461135864257812e+01 5.042686462402343750e+02
7.017084598541259766e+00 5.675444602966308594e+00 6.704953002929687500e+02
2.569391822814941406e+01 4.683269882202148438e+01 1.108398339843750000e+04
1.497519493103027344e+01 1.869059753417968750e+01 4.327673034667968750e+02
9.523844718933105469e+00 2.324489974975585938e+01 8.560401000976562500e+02
9.069444656372070312e+00 4.676789093017578125e+01 2.700625610351562500e+02
1.145442771911621094e+01 2.409019279479980469e+01 2.472641015625000000e+04
3.800135421752929688e+01 2.579605340957641602e+00 1.067224243164062500e+03
4.352251815795898438e+01 2.312944221496582031e+01 5.089486816406250000e+03
3.573059463500976562e+01 1.148536872863769531e+01 7.277428588867187500e+02
1.684367752075195312e+01 2.099682998657226562e+01 6.417797241210937500e+02
6.108115673065185547e+00 2.618107557296752930e+00 9.601936035156250000e+02
3.261478042602539062e+01 9.560229301452636719e+00 4.236641845703125000e+02
7.928716659545898438e+00 1.526296234130859375e+01 4.117236633300781250e+02
4.061784744262695312e+01 1.878959274291992188e+01 4.880583496093750000e+02
3.490211486816406250e+01 3.049692726135253906e+01 3.980694274902343750e+02
4.725949859619140625e+01 2.801643371582031250e+01 5.191437377929687500e+02
3.945795440673828125e+01 2.656765556335449219e+01 2.910216552734375000e+03
3.592112731933593750e+01 9.979241371154785156e+00 3.098540039062500000e+02
1.877596092224121094e+01 3.972217559814453125e+01 6.443671264648437500e+02
7.296198010444641113e-01 4.103641128540039062e+01 6.032102050781250000e+03
2.440372848510742188e+01 4.850129127502441406e+00 3.285985839843750000e+03
1.126135349273681641e+01 2.462182617187500000e+01 2.015938476562500000e+03
2.007777786254882812e+01 4.850747299194335938e+01 6.472081909179687500e+02
2.296632575988769531e+01 3.103660202026367188e+01 2.653448486328125000e+02
4.185760116577148438e+01 3.021807098388671875e+01 3.299012939453125000e+03
2.035709571838378906e+01 4.522446441650390625e+01 4.697971801757812500e+02
3.764517211914062500e+01 2.383782005310058594e+01 5.678877563476562500e+02
8.388042449951171875e+00 2.020626449584960938e+01 3.283593444824218750e+02
3.661974334716796875e+01 1.447238540649414062e+01 7.770871582031250000e+02
7.550772190093994141e+00 4.423120498657226562e+01 8.845374755859375000e+02
3.872612762451171875e+01 3.812183761596679688e+01 3.157020874023437500e+02
2.799160194396972656e+01 3.457034301757812500e+01 6.436792602539062500e+02
3.847009658813476562e+01 2.415717887878417969e+01 2.960106506347656250e+02
1.221674537658691406e+01 2.062898254394531250e+01 4.725544921875000000e+04
5.286895751953125000e+00 2.960396385192871094e+01 5.851988525390625000e+02
4.622985839843750000e+01 2.572302436828613281e+01 5.440593872070312500e+02
1.504368591308593750e+01 8.322627067565917969e+00 4.173424987792968750e+02
8.170057296752929688e+00 1.174667453765869141e+01 6.124887084960937500e+02
4.626916885375976562e+01 1.423087215423583984e+01 5.443671875000000000e+02
2.569656372070312500e+01 1.909165191650390625e+01 2.465051367187500000e+04
6.324326992034912109e+00 2.869484519958496094e+01 4.292931213378906250e+02
5.527401566505432129e-01 1.075087189674377441e+00 4.057372741699218750e+02
3.501370620727539062e+01 1.751156044006347656e+01 5.811304321289062500e+02
9.375227928161621094e+00 2.618222808837890625e+01 3.204242858886718750e+02
4.900174140930175781e+00 1.238008880615234375e+01 4.650932006835937500e+02
3.110036087036132812e+01 4.343464660644531250e+01 2.698268310546875000e+03
4.230786514282226562e+01 3.470426559448242188e+01 6.836767968750000000e+04
1.796939253807067871e+00 6.762849807739257812e+00 1.430369873046875000e+03
3.512469100952148438e+01 2.295878219604492188e+01 4.209562988281250000e+02
3.928125000000000000e+01 3.038201141357421875e+01 3.483534545898437500e+02
1.017744922637939453e+01 2.531685638427734375e+01 6.672525634765625000e+02
4.224750137329101562e+01 4.721076202392578125e+01 8.891182861328125000e+02
3.010874366760253906e+01 3.257572412490844727e+00 3.149332275390625000e+02
3.276245498657226562e+01 3.663170623779296875e+01 2.723643493652343750e+02
4.671745300292968750e+01 4.267229461669921875e+01 3.522209472656250000e+02
3.729376602172851562e+01 4.739313507080078125e+01 2.649118957519531250e+02
4.348914718627929688e+01 4.446759414672851562e+01 4.688857116699218750e+02
1.948900985717773438e+01 3.979431152343750000e+01 3.775649414062500000e+02
4.766291809082031250e+01 3.361447143554687500e+01 1.034905078125000000e+04
1.394767665863037109e+01 4.260840892791748047e+00 2.685654602050781250e+02
2.793591117858886719e+01 4.773174762725830078e+00 5.300737304687500000e+02
3.060556793212890625e+01 4.567137062549591064e-01 5.990822753906250000e+02
3.265515518188476562e+01 1.484673857688903809e+00 3.832196350097656250e+02
9.352638244628906250e+00 5.130203247070312500e+00 4.654579467773437500e+02
3.932206344604492188e+01 5.334881305694580078e+00 1.182758789062500000e+03
2.075987339019775391e+00 2.067494773864746094e+01 3.015238037109375000e+02
1.718335342407226562e+01 1.033945178985595703e+01 2.618802185058593750e+02
6.162985801696777344e+00 4.360212326049804688e+01 1.470608764648437500e+03
7.548933982849121094e+00 9.379164695739746094e+00 5.180571289062500000e+02
7.968151569366455078e+00 3.881498336791992188e+00 6.090531616210937500e+02
1.548218631744384766e+01 3.141357898712158203e+00 1.129963867187500000e+03
1.827381134033203125e+01 4.159319686889648438e+01 1.024408007812500000e+04
4.722220611572265625e+01 3.584550857543945312e+01 5.281648559570312500e+02
1.438904666900634766e+01 1.327465724945068359e+01 4.026513671875000000e+02
1.965475845336914062e+01 1.294093322753906250e+01 9.232656250000000000e+02
9.782790184020996094e+00 1.895128250122070312e+01 5.413807983398437500e+02
