4.605616378784179688e+01 1.952491950988769531e+01 5.196511230468750000e+02 1.445098996162414551e+00 -3.508252620697021484e+00 2.807953834533691406e+00
8.364186096191406250e+01 2.822769737243652344e+01 8.533565063476562500e+02 1.025668263435363770e+00 2.438696861267089844e+00 -3.937164306640625000e+00
3.549412155151367188e+01 5.377125549316406250e+01 8.743370361328125000e+02 -3.458984136581420898e+00 1.050965309143066406e+00 1.999142646789550781e+00
8.352411651611328125e+01 6.665840911865234375e+01 1.855600097656250000e+03 5.073772907257080078e+00 -3.120850086212158203e+00 8.616330027580261230e-01
4.643289947509765625e+01 2.214110374450683594e+01 7.126878662109375000e+02 1.436350703239440918e+00 3.540497779846191406e+00 4.007086277008056641e+00
3.373691940307617188e+01 1.758039855957031250e+01 5.632848510742187500e+02 -3.255442380905151367e+00 2.544892549514770508e+00 -7.986547946929931641e-01
1.827879905700683594e+01 8.283290100097656250e+01 1.125376831054687500e+03 1.344573378562927246e+00 1.666476607322692871e+00 -6.214654922485351562e+00
3.576116943359375000e+01 4.581206893920898438e+01 7.041203002929687500e+02 -1.382399678230285645e+00 -1.344876527786254883e+00 6.061363220214843750e+00
3.360086822509765625e+01 9.161196899414062500e+01 2.327880126953125000e+03 2.493419885635375977e+00 6.270495414733886719e+00 -5.031010627746582031e+00
5.648387527465820312e+01 6.668612670898437500e+01 4.485390930175781250e+02 3.265568017959594727e+00 4.256556510925292969e+00 -5.093816518783569336e-01
2.945204353332519531e+01 6.283572196960449219e+00 3.084603271484375000e+02 -3.520352840423583984e-01 -9.599081277847290039e-01 1.255286574363708496e+00
3.076093912124633789e+00 4.225601959228515625e+01 9.785058593750000000e+02 -8.477205038070678711e-02 3.637571811676025391e+00 4.338686466217041016e+00
8.264415740966796875e+01 9.209216308593750000e+01 3.638562011718750000e+02 -6.276171207427978516e+00 7.800734519958496094e+00 6.086176872253417969e+00
8.497887420654296875e+01 5.773594284057617188e+01 9.509531860351562500e+02 -4.564062878489494324e-02 4.389865875244140625e+00 3.626778125762939453e+00
4.260848999023437500e+01 8.938770294189453125e+01 1.934261718750000000e+03 -3.372489452362060547e+00 -4.188532352447509766e+00 -6.618978500366210938e+00
4.058155059814453125e+00 6.555785369873046875e+01 5.613173217773437500e+02 -9.724291801452636719e+00 2.255054950714111328e+00 -3.224205493927001953e+00
2.897097349166870117e+00 5.261960601806640625e+01 3.505855712890625000e+02 -1.045593976974487305e+00 -3.452375411987304688e+00 4.725397586822509766e+00
7.907450866699218750e+01 6.649829864501953125e+01 3.730724182128906250e+02 4.380743503570556641e+00 -1.377531290054321289e+00 -4.797093868255615234e+00
5.902180099487304688e+01 7.711271667480468750e+01 3.648045959472656250e+02 -2.510342597961425781e+00 -1.031944990158081055e+00 2.765872716903686523e+00
2.857521057128906250e+01 2.234870147705078125e+01 1.634822753906250000e+03 2.048099040985107422e+00 -1.058113217353820801e+00 2.551919698715209961e+00
9.221391296386718750e+01 1.552494907379150391e+01 3.759456481933593750e+02 -2.618896961212158203e+00 -4.077054977416992188e+00 7.216790914535522461e-01
2.487086296081542969e+01 4.264578628540039062e+01 4.328895874023437500e+02 1.872673034667968750e+00 -5.905076980590820312e+00 7.065182328224182129e-01
3.932506561279296875e+01 1.761378288269042969e+01 5.263217163085937500e+02 1.367583274841308594e+00 -5.143666267395019531e+00 1.351273894309997559e+00
1.286002445220947266e+01 8.799089813232421875e+01 2.828185119628906250e+02 5.572059154510498047e+00 -1.693412661552429199e+00 -3.076833009719848633e+00
8.452746582031250000e+01 3.856752014160156250e+01 2.917853698730468750e+02 -2.772142648696899414e+00 2.987988889217376709e-01 1.799827575683593750e+00
7.298946380615234375e+01 1.146744441986083984e+01 5.256138916015625000e+02 3.152837276458740234e+00 1.009339928627014160e+00 1.415627956390380859e+00
9.204236602783203125e+01 8.067226409912109375e+01 3.600314636230468750e+02 -3.537403821945190430e+00 2.536669492721557617e+00 -2.617682695388793945e+00
1.426329231262207031e+01 2.505980300903320312e+01 3.103139038085937500e+02 -2.048433542251586914e+00 -7.822815895080566406e+00 5.524172782897949219e+00
7.187976837158203125e+01 5.499346160888671875e+01 3.067825927734375000e+02 1.499713957309722900e-01 1.903159469366073608e-01 -2.078350782394409180e-01
2.594347190856933594e+01 9.198890686035156250e+01 3.262701721191406250e+02 2.728441715240478516e+00 4.284081459045410156e-01 2.837219476699829102e+00
