4.605616378784179688e+01 1.952491950988769531e+01 5.196511230468750000e+02 8.087114334106445312e+00 -3.624092817306518555e+00 2.773489236831665039e+00
8.364186096191406250e+01 2.822769737243652344e+01 8.533565063476562500e+02 6.879240036010742188e+00 -1.381905746459960938e+01 3.424941635131835938e+01
3.549412155151367188e+01 5.377125549316406250e+01 8.743370361328125000e+02 6.239384651184082031e+00 -3.041943311691284180e-01 6.658119201660156250e+00
8.352411651611328125e+01 6.665840911865234375e+01 1.855600097656250000e+03 5.206404328346252441e-01 -3.589192330837249756e-01 9.598172307014465332e-01
4.643289947509765625e+01 2.214110374450683594e+01 7.126878662109375000e+02 4.609215557575225830e-01 -2.936544120311737061e-01 2.025402039289474487e-01
3.373691940307617188e+01 1.758039855957031250e+01 5.632848510742187500e+02 3.796146631240844727e+00 -1.601094365119934082e+00 6.759967207908630371e-01
1.827879905700683594e+01 8.283290100097656250e+01 1.125376831054687500e+03 3.679786026477813721e-01 3.934635967016220093e-02 7.071771025657653809e-01
3.576116943359375000e+01 4.581206893920898438e+01 7.041203002929687500e+02 1.108583354949951172e+01 -7.922031402587890625e+00 6.627660274505615234e+00
3.360086822509765625e+01 9.161196899414062500e+01 2.327880126953125000e+03 5.481527805328369141e+00 -1.740306735038757324e+00 6.194463372230529785e-01
5.648387527465820312e+01 6.668612670898437500e+01 4.485390930175781250e+02 2.411914587020874023e+00 -1.124251127243041992e+00 3.147986888885498047e+00
2.945204353332519531e+01 6.283572196960449219e+00 3.084603271484375000e+02 9.857764244079589844e+00 3.018188476562500000e-01 1.315759658813476562e+01
3.076093912124633789e+00 4.225601959228515625e+01 9.785058593750000000e+02 5.756165981292724609e+00 2.692950487136840820e+00 1.271552920341491699e+00
8.264415740966796875e+01 9.209216308593750000e+01 3.638562011718750000e+02 1.156837344169616699e+00 -2.752201855182647705e-01 8.327990770339965820e-01
8.497887420654296875e+01 5.773594284057617188e+01 9.509531860351562500e+02 5.100580453872680664e-01 3.041612915694713593e-02 3.363358676433563232e-01
4.260848999023437500e+01 8.938770294189453125e+01 1.934261718750000000e+03 1.228755563497543335e-01 2.626983523368835449e-01 1.947301626205444336e+00
4.058155059814453125e+00 6.555785369873046875e+01 5.613173217773437500e+02 7.667260169982910156e-01 1.033056378364562988e-01 7.028731107711791992e-01
2.897097349166870117e+00 5.261960601806640625e+01 3.505855712890625000e+02 8.981214761734008789e-01 -4.372775256633758545e-01 1.079103827476501465e+00
7.907450866699218750e+01 6.649829864501953125e+01 3.730724182128906250e+02 1.428713440895080566e+00 4.670035541057586670e-01 1.134685039520263672e+00
5.902180099487304688e+01 7.711271667480468750e+01 3.648045959472656250e+02 2.289508438110351562e+01 9.790460467338562012e-01 2.202982139587402344e+01
2.857521057128906250e+01 2.234870147705078125e+01 1.634822753906250000e+03 8.801207542419433594e-01 1.373023688793182373e-01 1.430954813957214355e+00
9.221391296386718750e+01 1.552494907379150391e+01 3.759456481933593750e+02 7.371408462524414062e+00 -2.655290663242340088e-01 9.274751663208007812e+00
2.487086296081542969e+01 4.264578628540039062e+01 4.328895874023437500e+02 2.232614904642105103e-01 2.334614247083663940e-01 6.198580265045166016e-01
3.932506561279296875e+01 1.761378288269042969e+01 5.263217163085937500e+02 7.454834461212158203e+00 1.286105364561080933e-01 7.788753032684326172e+00
1.286002445220947266e+01 8.799089813232421875e+01 2.828185119628906250e+02 7.659683376550674438e-02 -1.112570017576217651e-01 6.788667440414428711e-01
8.452746582031250000e+01 3.856752014160156250e+01 2.917853698730468750e+02 7.613215446472167969e+00 3.836727142333984375e+00 7.458762645721435547e+00
7.298946380615234375e+01 1.146744441986083984e+01 5.256138916015625000e+02 1.062942147254943848e+00 -4.798388481140136719e-02 2.718656778335571289e+00
9.204236602783203125e+01 8.067226409912109375e+01 3.600314636230468750e+02 5.049844741821289062e+00 -1.176859736442565918e+00 1.058740234375000000e+01
1.426329231262207031e+01 2.505980300903320312e+01 3.103139038085937500e+02 1.275389790534973145e-01 -2.688413858413696289e-01 7.921507358551025391e-01
7.187976837158203125e+01 5.499346160888671875e+01 3.067825927734375000e+02 6.159799098968505859e-01 -5.094067379832267761e-02 4.169330000877380371e-01
2.594347190856933594e+01 9.198890686035156250e+01 3.262701721191406250e+02 2.220215797424316406e-01 5.424241423606872559e-01 1.345260262489318848e+00
