2.904135131835937500e+01 7.782601165771484375e+01 4.096068115234375000e+02
7.906791687011718750e+01 5.740160751342773438e+01 1.380463964843750000e+04
5.621095275878906250e+01 3.254228591918945312e+01 1.275228393554687500e+03
1.114002037048339844e+01 2.242008209228515625e+00 3.515797729492187500e+02
9.339779663085937500e+01 2.696870994567871094e+01 3.450121154785156250e+02
8.013098144531250000e+01 6.931618499755859375e+01 1.898729736328125000e+03
6.154471588134765625e+01 1.349155157804489136e-01 3.167520446777343750e+02
3.943712234497070312e+01 6.470243072509765625e+01 1.545566284179687500e+03
2.336984825134277344e+01 3.387606811523437500e+01 9.203935546875000000e+02
7.657875823974609375e+01 8.318557739257812500e+01 3.579236755371093750e+02
5.550181579589843750e+01 5.216635131835937500e+01 3.471044311523437500e+02
3.990942382812500000e+01 7.648124694824218750e+01 1.357777709960937500e+03
8.741252899169921875e+01 2.550498199462890625e+01 5.800059204101562500e+02
3.899487686157226562e+01 3.187422943115234375e+01 5.717504272460937500e+02
3.288535308837890625e+01 3.265158843994140625e+01 4.823902893066406250e+02
5.006361007690429688e+01 2.962425804138183594e+01 8.576243286132812500e+02
7.089585876464843750e+01 2.523486137390136719e+01 2.043951049804687500e+03
7.535558319091796875e+01 7.820970058441162109e+00 3.780062500000000000e+03
3.575243377685546875e+01 1.043795680999755859e+01 3.535336914062500000e+02
8.701737976074218750e+01 1.227886962890625000e+01 8.510450439453125000e+02
5.133869647979736328e+00 3.297188282012939453e+00 2.531679534912109375e+02
5.167394256591796875e+01 5.978620529174804688e+01 4.517631530761718750e+02
3.216169738769531250e+01 5.518726348876953125e+01 1.357056518554687500e+03
6.061475372314453125e+01 4.675348281860351562e+01 2.866094970703125000e+02
4.489228725433349609e+00 3.455155944824218750e+01 3.081444702148437500e+02
5.809488296508789062e+00 4.873827457427978516e+00 9.077031860351562500e+02
2.481934928894042969e+01 1.692675018310546875e+01 6.074417114257812500e+02
5.293414688110351562e+01 3.910492324829101562e+01 1.134530883789062500e+03
4.186484527587890625e+01 2.836213302612304688e+01 8.056777343750000000e+02
3.396487045288085938e+01 8.489887237548828125e+01 3.483064941406250000e+03
