4.605616378784179688e+01 5.137189102172851562e+01 3.607576599121093750e+02 5.571335554122924805e-01 -8.195193856954574585e-02 7.314882278442382812e-01
8.364186096191406250e+01 6.999687957763671875e+01 3.000249328613281250e+02 4.668157696723937988e-01 2.016607671976089478e-01 1.342889517545700073e-01
3.549412155151367188e+01 7.069283294677734375e+01 4.485812988281250000e+03 2.658795118331909180e+00 1.010378479957580566e+00 1.508363604545593262e+00
8.352411651611328125e+01 8.566199493408203125e+01 5.256735229492187500e+02 1.214327335357666016e+00 -2.911366224288940430e-01 6.817143559455871582e-01
4.643289947509765625e+01 6.427231597900390625e+01 2.870487976074218750e+02 1.548018336296081543e+00 1.118156313896179199e-02 1.754285097122192383e+00
3.373691940307617188e+01 5.506130981445312500e+01 2.528522949218750000e+02 3.749685287475585938e-01 2.195739597082138062e-01 5.795971155166625977e-01
1.827879905700683594e+01 7.700736999511718750e+01 8.758573608398437500e+02 1.573209762573242188e+01 3.502724170684814453e+00 2.002820587158203125e+01
3.576116943359375000e+01 6.384975433349609375e+01 3.091500549316406250e+02 2.083456516265869141e+00 1.266484379768371582e+00 1.624826192855834961e+00
3.360086822509765625e+01 8.836801147460937500e+01 2.777788696289062500e+02 5.372455716133117676e-01 1.101503595709800720e-01 1.155383139848709106e-01
5.648387527465820312e+01 4.382086181640625000e+01 6.843713378906250000e+02 6.758246421813964844e-01 -3.267273306846618652e-02 4.305124580860137939e-01
2.945204353332519531e+01 1.876277542114257812e+01 1.830506958007812500e+03 2.900630950927734375e+00 1.100238323211669922e+00 1.007798314094543457e+00
3.076093912124633789e+00 7.370633697509765625e+01 2.595170593261718750e+02 5.307654857635498047e+00 -7.312579154968261719e-01 2.930063903331756592e-01
8.264415740966796875e+01 3.097862243652343750e+01 8.828631591796875000e+02 1.136759161949157715e+00 2.145005613565444946e-01 1.253935098648071289e+00
8.497887420654296875e+01 7.297348022460937500e+01 1.260450073242187500e+03 1.018754363059997559e+00 1.001005321741104126e-01 6.110453009605407715e-01
4.260848999023437500e+01 8.620442199707031250e+01 3.155382690429687500e+02 1.398746073246002197e-01 3.629349470138549805e-01 9.583564996719360352e-01
4.058155059814453125e+00 5.490729522705078125e+01 1.814142944335937500e+03 9.014689922332763672e-01 1.478994607925415039e+00 4.089046955108642578e+00
2.897097349166870117e+00 2.840382385253906250e+01 6.484481201171875000e+02 7.321245670318603516e+00 -2.287442445755004883e+00 7.297991752624511719e+00
7.907450866699218750e+01 3.265898895263671875e+01 7.544243164062500000e+02 8.930077552795410156e+00 -2.278462171554565430e+00 1.006149673461914062e+01
5.902180099487304688e+01 3.115545845031738281e+01 5.366812500000000000e+03 1.928355026245117188e+01 3.454082489013671875e+00 1.162919235229492188e+01
2.857521057128906250e+01 8.386074066162109375e+01 1.046450805664062500e+03 7.337689876556396484e+00 6.517708301544189453e+00 1.995294189453125000e+01
9.221391296386718750e+01 3.316601562500000000e+01 2.222885986328125000e+03 5.371632575988769531e-01 9.839488565921783447e-02 5.462439060211181641e-01
2.487086296081542969e+01 4.182606506347656250e+01 4.150995788574218750e+02 2.712562799453735352e+00 8.450118303298950195e-01 4.162319660186767578e+00
3.932506561279296875e+01 5.197552871704101562e+01 9.161740234375000000e+03 4.906430244445800781e+00 3.595273733139038086e+00 8.601374626159667969e+00
1.286002445220947266e+01 1.148804855346679688e+01 3.494775695800781250e+02 1.689308738708496094e+01 3.920842170715332031e+00 2.465236473083496094e+01
8.452746582031250000e+01 1.417737483978271484e+01 5.815584716796875000e+02 7.221667170524597168e-01 6.621360182762145996e-01 1.025742411613464355e+00
7.298946380615234375e+01 5.191220474243164062e+01 6.659624023437500000e+02 2.651944875717163086e+00 -1.963385820388793945e+00 1.126239490509033203e+01
9.204236602783203125e+01 3.025600624084472656e+01 7.494718017578125000e+02 3.991749525070190430e+00 2.151273250579833984e+00 7.011268615722656250e+00
1.426329231262207031e+01 1.924205398559570312e+01 3.089739074707031250e+02 1.103729486465454102e+00 3.088587522506713867e-01 8.249390721321105957e-01
7.187976837158203125e+01 1.832397842407226562e+01 1.265765502929687500e+03 5.531433224678039551e-01 5.922024250030517578e-01 9.297750592231750488e-01
2.594347190856933594e+01 2.314262008666992188e+01 2.610603637695312500e+02 1.714739799499511719e+00 1.823030114173889160e-01 1.109038352966308594e+00
1.952491950988769531e+01 7.677824401855468750e+01 3.850185852050781250e+02 2.112148761749267578e+00 -3.737203776836395264e-02 1.750521183013916016e+00
2.822769737243652344e+01 8.793325042724609375e+01 2.859676513671875000e+02 2.526337862014770508e+00 1.799782872200012207e+00 4.095567703247070312e+00
5.377125549316406250e+01 7.219038391113281250e+01 2.955291748046875000e+02 3.762491464614868164e+00 -1.442077636718750000e+00 2.094757556915283203e+00
6.665840911865234375e+01 3.403110122680664062e+01 2.985485839843750000e+02 3.131176829338073730e-01 1.617199331521987915e-01 7.636923193931579590e-01
2.214110374450683594e+01 1.234088706970214844e+01 3.654772949218750000e+02 6.255708336830139160e-01 -4.326621070504188538e-02 7.227025032043457031e-01
1.758039855957031250e+01 6.589516448974609375e+01 3.986827087402343750e+02 8.345466852188110352e-01 7.599429786205291748e-02 1.367294192314147949e+00
8.283290100097656250e+01 1.601924514770507812e+01 6.890565429687500000e+03 8.106396794319152832e-01 -3.166289329528808594e-01 1.239356473088264465e-01
4.581206893920898438e+01 8.206462860107421875e+01 3.539342041015625000e+02 1.525718808174133301e+00 -1.221752613782882690e-01 2.057343721389770508e-02
9.161196899414062500e+01 7.051651763916015625e+01 4.174441833496093750e+02 6.751212596893310547e+00 3.470783233642578125e-01 9.109882354736328125e+00
6.668612670898437500e+01 9.548348236083984375e+01 3.123628540039062500e+02 4.797853946685791016e+00 -1.257165968418121338e-01 1.750037819147109985e-02
6.283572196960449219e+00 7.972117614746093750e+01 8.681821289062500000e+03 3.157499432563781738e-02 -1.115451529622077942e-01 6.812364459037780762e-01
4.225601959228515625e+01 7.257534027099609375e+01 6.934667358398437500e+02 2.403594970703125000e+00 -1.706409007310867310e-01 4.817049801349639893e-01
9.209216308593750000e+01 3.793510437011718750e+01 3.757591247558593750e+02 3.460876643657684326e-01 -3.336565792560577393e-01 4.117264747619628906e-01
5.773594284057617188e+01 1.474129796028137207e+00 5.600452270507812500e+02 7.756394147872924805e-01 -1.769257932901382446e-01 4.162245616316795349e-02
8.938770294189453125e+01 4.930549240112304688e+01 5.602139648437500000e+03 7.424330711364746094e-01 -1.904442673549056053e-03 7.533492445945739746e-01
6.555785369873046875e+01 2.275253105163574219e+01 8.397584838867187500e+02 6.674852967262268066e-01 -1.204818859696388245e-02 6.761422157287597656e-01
5.261960601806640625e+01 4.056530761718750000e+01 3.194980468750000000e+02 3.073952436447143555e+00 -4.054177701473236084e-01 2.744111776351928711e+00
6.649829864501953125e+01 4.640135192871093750e+01 8.374105224609375000e+02 5.554305911064147949e-01 -1.733968853950500488e-01 1.696548610925674438e-01
7.711271667480468750e+01 8.456944274902343750e+01 7.905819702148437500e+02 5.030620098114013672e-01 8.277137577533721924e-02 3.319906592369079590e-01
2.234870147705078125e+01 4.112964248657226562e+01 3.396558105468750000e+03 1.635285258293151855e+00 3.125868737697601318e-01 3.440659642219543457e-01
1.552494907379150391e+01 7.605861663818359375e+01 2.613163146972656250e+02 7.508505344390869141e+00 9.623113274574279785e-01 4.202859401702880859e-01
4.264578628540039062e+01 1.694726943969726562e+01 1.812470458984375000e+03 1.935748291015625000e+01 -1.733896255493164062e+00 2.039675712585449219e+01
1.761378288269042969e+01 7.398683166503906250e+01 2.393142333984375000e+03 1.398562073707580566e+00 7.542900443077087402e-01 2.003062725067138672e+00
8.799089813232421875e+01 1.525564193725585938e+01 2.649218750000000000e+02 2.500323951244354248e-01 3.592640757560729980e-01 6.902088522911071777e-01
3.856752014160156250e+01 7.824258422851562500e+01 9.873497314453125000e+02 1.462538599967956543e+00 -3.651171445846557617e+00 1.164971828460693359e+01
1.146744441986083984e+01 5.655446243286132812e+01 2.523250579833984375e+02 3.388310432434082031e+00 2.202565036714076996e-02 5.686336755752563477e-01
8.067226409912109375e+01 7.772529602050781250e+01 2.670842895507812500e+02 2.312701225280761719e+00 7.228382863104343414e-03 2.541303157806396484e+00
2.505980300903320312e+01 2.468281173706054688e+01 2.803506469726562500e+02 4.754182398319244385e-01 2.113766819238662720e-01 9.509005397558212280e-02
5.499346160888671875e+01 1.068168735504150391e+01 4.345612182617187500e+02 6.265187263488769531e-01 1.083230078220367432e-01 3.859961330890655518e-01
9.198890686035156250e+01 9.340318298339843750e+01 2.045271118164062500e+03 3.458167016506195068e-01 5.228718519210815430e-01 2.334405660629272461e+00
