2.795970535278320312e+01 2.649909019470214844e+01 2.384379101562500000e+04 2.124553918838500977e+00 -9.780158102512359619e-02 1.811490654945373535e+00
5.133361816406250000e+01 2.038982009887695312e+01 2.914013476562500000e+04 1.243782490491867065e-01 -2.835519611835479736e-02 1.944509595632553101e-01
3.356045913696289062e+01 7.007559204101562500e+01 1.074265014648437500e+03 2.349983215332031250e+00 1.483749747276306152e-01 2.429980278015136719e+00
4.527755355834960938e+01 8.382067871093750000e+01 1.394914257812500000e+04 1.164488345384597778e-01 7.365915179252624512e-02 7.103081047534942627e-02
4.179435729980468750e+01 6.620014953613281250e+01 3.644008789062500000e+03 3.129791840910911560e-02 5.548987910151481628e-02 2.623528242111206055e-01
7.826145935058593750e+01 4.566414642333984375e+01 7.797206250000000000e+04 1.939754605293273926e+00 -5.535813570022583008e-01 1.181105136871337891e+00
3.150152778625488281e+01 1.710106277465820312e+01 2.759020898437500000e+04 4.313720703125000000e+00 -1.066797375679016113e+00 8.299908638000488281e+00
1.200959682464599609e+01 8.887533569335937500e+01 3.724251953125000000e+03 1.336871623992919922e+00 6.822258234024047852e-02 4.519489109516143799e-01
5.656457519531250000e+01 4.514423751831054688e+01 5.643169433593750000e+03 2.488169819116592407e-01 -1.327402144670486450e-01 1.880261600017547607e-01
2.597936058044433594e+01 7.678061676025390625e+01 1.100765722656250000e+04 1.131917983293533325e-01 -6.633958220481872559e-02 6.087874621152877808e-02
1.983418464660644531e+01 7.424237823486328125e+01 6.801974375000000000e+05 4.533583164215087891e+00 -6.161465048789978027e-01 1.519129872322082520e+00
8.511756134033203125e+01 6.764041137695312500e+01 1.789037500000000000e+05 7.209964990615844727e-01 1.774271577596664429e-02 2.551450729370117188e-01
5.033716964721679688e+01 7.455030679702758789e-01 1.059954296875000000e+05 7.865162372589111328e+00 6.522170543670654297e+00 1.906255340576171875e+01
7.174614071846008301e-01 3.207735443115234375e+01 5.054555664062500000e+02 8.702022954821586609e-03 -1.160550396889448166e-03 8.651436306536197662e-03
1.921726036071777344e+01 9.627305603027343750e+01 4.080178125000000000e+04 5.638694167137145996e-01 1.872429251670837402e-01 1.465010195970535278e-01
5.571583175659179688e+01 5.392314910888671875e+01 3.311671386718750000e+03 1.905250906944274902e+00 -1.806112378835678101e-01 2.088383436203002930e+00
7.171337127685546875e+01 6.973822021484375000e+01 1.557497436523437500e+03 6.813710212707519531e+00 -3.088295936584472656e+00 8.298666954040527344e+00
9.872814178466796875e+00 1.649363327026367188e+01 2.333562109375000000e+04 6.795823574066162109e-01 1.648777723312377930e-01 2.831918299198150635e-01
3.679156064987182617e+00 8.683406066894531250e+01 8.444519531250000000e+03 2.983553893864154816e-02 -1.437481958419084549e-02 7.954926788806915283e-02
8.428099822998046875e+01 7.777822113037109375e+01 5.063273437500000000e+04 5.588545277714729309e-02 -1.728897355496883392e-02 9.792084246873855591e-02
8.908798217773437500e+01 9.123315429687500000e+01 6.522516113281250000e+03 5.114753723144531250e+00 1.195667505264282227e+00 1.681165337562561035e+00
8.356597900390625000e+01 4.150710296630859375e+01 8.095047851562500000e+03 5.704712867736816406e-01 -2.349502174183726311e-03 5.505037903785705566e-01
9.849620819091796875e+01 4.331398773193359375e+01 9.153833984375000000e+03 8.959891200065612793e-01 2.219675183296203613e-01 1.817832291126251221e-01
2.027524948120117188e+01 5.181790924072265625e+01 8.459397460937500000e+03 2.671574614942073822e-02 -3.774098306894302368e-02 1.798173487186431885e-01
7.394020843505859375e+01 6.287784957885742188e+01 6.376512890625000000e+04 1.215535640716552734e+00 1.993789523839950562e-01 2.151039600372314453e+00
3.452338790893554688e+01 8.334909057617187500e+01 6.388980468750000000e+03 4.806858673691749573e-02 7.358242571353912354e-02 1.563071608543395996e-01
3.476125335693359375e+01 9.457696229219436646e-02 1.643943750000000000e+05 2.574416697025299072e-01 -2.694832980632781982e-01 1.192485094070434570e+00
5.647343444824218750e+01 4.192633438110351562e+01 1.566373828125000000e+04 6.307670593261718750e+00 1.816441297531127930e+00 2.678353071212768555e+00
8.401866912841796875e+01 4.138369750976562500e+01 6.809063964843750000e+03 9.975447654724121094e-01 -8.368846774101257324e-02 7.529080510139465332e-01
8.995853424072265625e+01 8.963085174560546875e+01 4.795649218750000000e+04 3.327131271362304688e-01 -5.536345839500427246e-01 2.749960422515869141e+00
3.427331542968750000e+01 7.174398040771484375e+01 1.224637578125000000e+05 2.617890238761901855e-01 4.320581555366516113e-01 7.247701287269592285e-01
6.202435684204101562e+01 4.811151504516601562e+01 2.955800585937500000e+04 3.699958324432373047e-01 2.967959968373179436e-03 3.530564606189727783e-01
2.410116958618164062e+01 5.452938556671142578e+00 9.080448437500000000e+04 1.740696430206298828e+00 2.652371823787689209e-01 7.077665328979492188e-01
2.205208539962768555e+00 9.370429992675781250e+01 4.771414062500000000e+05 1.087588742375373840e-01 -2.042289637029170990e-02 4.714557155966758728e-02
9.871052551269531250e+01 3.917558288574218750e+01 9.420088281250000000e+04 2.353645086288452148e+00 2.427900582551956177e-01 1.537382841110229492e+00
6.088428497314453125e+01 8.213910675048828125e+01 8.947529687500000000e+04 3.782392442226409912e-01 -2.998427152633666992e-01 7.566158771514892578e-01
6.525078582763671875e+01 4.368310546875000000e+01 1.771084960937500000e+04 8.298336528241634369e-03 3.553448617458343506e-02 2.199110984802246094e-01
1.525676918029785156e+01 1.434353160858154297e+01 1.650956250000000000e+04 3.375667333602905273e-01 -5.626941099762916565e-02 1.217263698577880859e+00
1.360113525390625000e+01 9.144303131103515625e+01 5.170291503906250000e+03 1.027966618537902832e+00 5.818752944469451904e-02 6.320912241935729980e-01
4.869232559204101562e+01 5.456733703613281250e+01 1.410259765625000000e+04 3.154056668281555176e-01 3.870410323143005371e-01 5.340350270271301270e-01
6.763841152191162109e+00 3.169112586975097656e+01 8.586723632812500000e+03 1.836676955223083496e+00 4.558982849121093750e-01 1.970005929470062256e-01
8.343503952026367188e+00 6.682035064697265625e+01 9.610357421875000000e+03 1.097652390599250793e-01 3.575440263375639915e-03 1.231815963983535767e-01
1.692400169372558594e+01 9.737117004394531250e+01 4.555155468750000000e+04 2.667359709739685059e-01 2.591924071311950684e-01 4.622386097908020020e-01
9.440508270263671875e+01 5.393658065795898438e+01 2.700418212890625000e+03 1.856266260147094727e-01 4.414346814155578613e-01 1.525660037994384766e+00
2.670829391479492188e+01 2.792871093750000000e+01 2.314788867187500000e+04 1.176095843315124512e+00 -6.325101256370544434e-01 2.873441219329833984e+00
9.758255958557128906e+00 7.629947662353515625e+01 4.625593750000000000e+04 9.468887001276016235e-02 8.137822151184082031e-02 1.426343917846679688e-01
8.338233184814453125e+01 8.321068572998046875e+01 8.925065429687500000e+03 5.334475517272949219e+00 -7.420828938484191895e-01 1.379390120506286621e+00
3.454485321044921875e+01 2.074367332458496094e+01 1.913070312500000000e+04 5.353072643280029297e+00 1.493044290691614151e-02 5.279508113861083984e+00
5.484466552734375000e+01 1.695092201232910156e+01 1.515066210937500000e+04 3.452109336853027344e+00 7.837768197059631348e-01 2.173978567123413086e+00
5.245567321777343750e+00 5.372309112548828125e+01 2.649714062500000000e+05 1.556219458580017090e-01 -4.138636961579322815e-02 2.480761893093585968e-02
2.573800849914550781e+01 4.863543319702148438e+01 2.540221679687500000e+04 3.690430819988250732e-01 -2.243389338254928589e-01 1.753554791212081909e-01
8.133829498291015625e+01 9.437157440185546875e+01 5.893579101562500000e+03 1.606687545776367188e+00 -1.832708954811096191e+00 4.013819217681884766e+00
9.118187713623046875e+01 2.165256500244140625e+01 5.998397500000000000e+05 1.065258383750915527e+00 -7.709125876426696777e-01 8.566083312034606934e-01
5.820799827575683594e+00 9.242475128173828125e+01 2.250710351562500000e+04 1.030050367116928101e-01 9.656797628849744797e-04 1.071767881512641907e-01
7.840787506103515625e+01 7.199642944335937500e+01 1.515566601562500000e+04 5.764349460601806641e+00 1.228602290153503418e+00 4.432588100433349609e+00
7.453435516357421875e+01 2.105526351928710938e+01 6.296500390625000000e+04 1.081880807876586914e+00 2.448318004608154297e-01 1.426623225212097168e+00
3.238734436035156250e+01 9.787583160400390625e+01 1.256085156250000000e+04 3.009550869464874268e-01 5.442973598837852478e-02 3.907684981822967529e-01
5.892057037353515625e+01 4.102769088745117188e+01 1.171383593750000000e+05 3.279179632663726807e-01 -5.542235448956489563e-03 3.165159523487091064e-01
6.937844085693359375e+01 6.387531661987304688e+01 1.411052734375000000e+04 6.923686861991882324e-01 1.246248930692672729e-01 9.247956424951553345e-02
2.825316905975341797e+00 5.859160995483398438e+01 3.497672851562500000e+03 3.204447555541992188e+01 8.840140342712402344e+00 4.709605407714843750e+01
5.641497421264648438e+01 1.771055984497070312e+01 2.779477187500000000e+05 2.221184223890304565e-02 6.258333567529916763e-03 3.877143189311027527e-02
6.633625793457031250e+01 6.466849893331527710e-02 2.667372070312500000e+04 1.533608734607696533e-01 -9.654142707586288452e-02 1.125006377696990967e-01
2.845761489868164062e+01 3.847075653076171875e+01 1.193964843750000000e+05 3.914165973663330078e+00 -1.743642799556255341e-02 3.885682106018066406e+00
9.416107177734375000e+01 4.938464355468750000e+01 5.520514062500000000e+04 1.202878952026367188e-01 -2.897574603557586670e-01 4.664357185363769531e+00
7.648884582519531250e+01 6.106765747070312500e+01 1.520839750000000000e+06 1.181785240769386292e-01 -8.417568751610815525e-04 1.652537435293197632e-01
5.022995376586914062e+01 3.434051132202148438e+01 3.887831640625000000e+04 1.445962339639663696e-01 -4.230877012014389038e-02 3.152358531951904297e-02
8.104714202880859375e+01 2.634312438964843750e+01 1.894258789062500000e+04 5.130530595779418945e-01 -8.858770132064819336e-03 1.796977885533124208e-04
4.894385528564453125e+01 8.373098754882812500e+01 5.962760156250000000e+04 1.456276774406433105e+00 -1.614930294454097748e-02 1.454525351524353027e+00
8.018645477294921875e+01 1.161547183990478516e+01 6.858343750000000000e+03 1.310922265052795410e+00 4.532755911350250244e-01 5.245648026466369629e-01
7.829712677001953125e+01 5.239439010620117188e+00 8.722951171875000000e+03 1.388559699058532715e+00 -3.757137060165405273e-01 4.612031579017639160e-01
4.682624435424804688e+01 8.814521789550781250e+01 1.274708886718750000e+04 5.365712046623229980e-01 1.304866671562194824e-01 4.036269485950469971e-01
3.693969726562500000e+01 9.802567291259765625e+01 4.646255078125000000e+04 1.959218382835388184e+00 -1.398840785026550293e+00 2.095005750656127930e+00
3.733008575439453125e+01 3.980718231201171875e+01 4.604466015625000000e+04 7.532927393913269043e-01 3.823999762535095215e-01 2.238929718732833862e-01
6.523358917236328125e+01 8.859245300292968750e+01 4.762411718750000000e+04 4.790153801441192627e-01 -1.534610614180564880e-02 3.129461109638214111e-01
8.519366455078125000e+01 6.616539001464843750e+01 1.818055859375000000e+04 2.020429670810699463e-01 -5.137217640876770020e-01 1.501563906669616699e+00
6.362244415283203125e+01 4.050682830810546875e+01 1.019772363281250000e+04 6.288870573043823242e-01 -8.246840536594390869e-02 5.805781483650207520e-01
5.257267379760742188e+01 2.505804634094238281e+01 4.587446289062500000e+03 1.607793867588043213e-01 5.799469351768493652e-02 1.182624548673629761e-01
2.972785758972167969e+01 8.457292938232421875e+01 8.474525781250000000e+04 2.295451164245605469e-01 5.422927439212799072e-02 1.447201520204544067e-01
1.355472278594970703e+01 8.515093994140625000e+01 5.681086718750000000e+04 7.927591800689697266e-01 6.166450306773185730e-02 8.031077980995178223e-01
5.196362018585205078e+00 4.749536895751953125e+01 3.805460546875000000e+04 3.293035328388214111e-01 -1.193955540657043457e-01 2.407415360212326050e-01
3.725232696533203125e+01 4.320915603637695312e+01 1.780521875000000000e+05 9.466672539710998535e-01 -1.058973595499992371e-01 9.122864603996276855e-01
7.729058837890625000e+01 1.029466915130615234e+01 1.955578750000000000e+05 5.509626865386962891e-02 7.762631773948669434e-01 1.374712371826171875e+01
5.536877822875976562e+01 8.652057647705078125e+01 6.513391015625000000e+04 1.201860070228576660e+00 -1.513331890106201172e+00 2.194385528564453125e+00
9.494820404052734375e+01 7.587767791748046875e+01 3.520135625000000000e+05 1.347178101539611816e+00 -4.716681316494941711e-03 1.466483592987060547e+00
5.935796356201171875e+01 5.537085723876953125e+01 2.263307031250000000e+05 1.298752546310424805e+00 3.458470106124877930e-01 1.646376252174377441e+00
