7.677824401855468750e+01 3.471738815307617188e+01 5.142920532226562500e+02 6.967739462852478027e-01 5.282000899314880371e-01 2.305031538009643555e+00
8.793325042724609375e+01 1.245174598693847656e+01 8.119672851562500000e+02 6.145417094230651855e-01 1.238171234726905823e-01 7.164390683174133301e-01
7.219038391113281250e+01 1.525192737579345703e+01 7.578286743164062500e+02 5.984425544738769531e-01 3.354296088218688965e-01 3.131746649742126465e-01
3.403110122680664062e+01 1.609891891479492188e+01 3.193210449218750000e+02 7.195274829864501953e-01 -4.264535382390022278e-02 8.597833514213562012e-01
1.234088706970214844e+01 3.128033447265625000e+01 3.039695312500000000e+03 2.522491812705993652e-01 -6.939309835433959961e-01 2.229307174682617188e+00
6.589516448974609375e+01 3.692055892944335938e+01 4.150184326171875000e+02 1.228270769119262695e+00 -3.402543021366000175e-03 1.344337701797485352e+00
1.601924514770507812e+01 9.540813446044921875e+01 3.417504577636718750e+02 7.747235149145126343e-02 -4.083609208464622498e-02 5.012789964675903320e-01
8.206462860107421875e+01 2.907174682617187500e+01 4.381169433593750000e+02 1.621506512165069580e-01 -1.254990845918655396e-01 4.870063960552215576e-01
7.051651763916015625e+01 3.971063232421875000e+01 1.070040527343750000e+03 1.670643448829650879e+00 -5.101494863629341125e-02 1.795766472816467285e+00
9.548348236083984375e+01 1.976522827148437500e+01 7.746901367187500000e+03 4.956961572170257568e-01 -9.265288710594177246e-02 1.486846953630447388e-01
7.972117614746093750e+01 9.614921569824218750e+01 2.957733154296875000e+02 2.096755504608154297e-01 -2.665722072124481201e-01 3.429660201072692871e-01
7.257534027099609375e+01 6.330974960327148438e+01 5.498441162109375000e+02 2.296396046876907349e-01 1.822829097509384155e-01 6.694189310073852539e-01
3.793510437011718750e+01 3.313333892822265625e+01 2.987837524414062500e+02 2.159574329853057861e-01 -2.662922143936157227e-01 4.213776588439941406e-01
1.474129796028137207e+00 5.480714416503906250e+01 3.193860168457031250e+02 1.196998879313468933e-01 -9.997770190238952637e-02 4.877095520496368408e-01
4.930549240112304688e+01 9.458204650878906250e+01 3.069348449707031250e+02 5.485591888427734375e-01 -2.505559206008911133e+00 1.230869388580322266e+01
2.275253105163574219e+01 6.952723693847656250e+01 2.925354614257812500e+02 1.686897635459899902e+00 2.757768392562866211e+00 5.633113384246826172e+00
4.056530761718750000e+01 2.153473281860351562e+01 6.467911376953125000e+02 1.110412716865539551e+00 8.287025094032287598e-01 9.173179864883422852e-01
4.640135192871093750e+01 6.944460296630859375e+01 2.788170471191406250e+02 4.459592998027801514e-01 -2.994987666606903076e-01 3.668010234832763672e-01
8.456944274902343750e+01 6.769394683837890625e+01 2.589771728515625000e+02 8.981757164001464844e-01 -3.800858855247497559e-01 8.306497931480407715e-01
4.112964248657226562e+01 9.171321105957031250e+01 4.619223327636718750e+02 6.449641585350036621e-01 -1.542979776859283447e-01 2.870242297649383545e-01
7.605861663818359375e+01 4.287200450897216797e+00 9.770380249023437500e+02 3.683600127696990967e-01 -2.038960903882980347e-01 3.795552551746368408e-01
1.694726943969726562e+01 8.534460449218750000e+01 1.646481445312500000e+03 3.826673328876495361e-01 -7.732259035110473633e-01 2.263748168945312500e+00
7.398683166503906250e+01 8.865795135498046875e+01 5.605138549804687500e+02 6.207088232040405273e-01 7.828491926193237305e-02 8.914223909378051758e-01
1.525564193725585938e+01 5.576231956481933594e+00 3.338112182617187500e+02 5.395341515541076660e-01 -8.336036652326583862e-02 4.764204621315002441e-01
7.824258422851562500e+01 7.393289184570312500e+01 1.266054931640625000e+03 4.328589737415313721e-01 -2.304928451776504517e-01 1.298000216484069824e-01
5.655446243286132812e+01 9.122419357299804688e-01 6.508151245117187500e+02 3.269699811935424805e-01 2.377993017435073853e-01 5.627917051315307617e-01
7.772529602050781250e+01 6.332630157470703125e+00 5.636411743164062500e+02 3.851428031921386719e+00 -3.869247063994407654e-02 3.844231128692626953e+00
2.468281173706054688e+01 1.071770477294921875e+01 2.668291320800781250e+02 4.500691592693328857e-01 -1.246712133288383484e-01 2.699450254440307617e-01
1.068168735504150391e+01 4.204600143432617188e+01 2.889877319335937500e+02 9.419378638267517090e-01 -3.319144546985626221e-01 6.627128124237060547e-01
9.340318298339843750e+01 8.689891815185546875e+01 5.549218750000000000e+02 5.788205862045288086e-01 -4.636901244521141052e-02 5.916470885276794434e-01
3.039438629150390625e+01 1.890880393981933594e+01 1.459100097656250000e+03 1.319164335727691650e-01 3.497807309031486511e-02 5.415490865707397461e-01
1.650685119628906250e+01 5.613360404968261719e+00 3.396127319335937500e+02 9.873838424682617188e-01 3.038847260177135468e-02 1.693687587976455688e-01
9.348260498046875000e+01 6.014641571044921875e+01 5.347479248046875000e+02 6.810267567634582520e-01 -4.615213572978973389e-01 4.520570039749145508e-01
5.191754531860351562e+01 3.858433914184570312e+01 6.982205810546875000e+02 5.739292502403259277e-01 -4.664359614253044128e-02 6.581380367279052734e-01
1.277772235870361328e+01 4.615604400634765625e+01 4.098986328125000000e+03 6.127710342407226562e+00 1.477760910987854004e+00 5.924365043640136719e+00
1.116760730743408203e+00 1.647273254394531250e+01 5.833149414062500000e+02 1.193452477455139160e+00 -3.923042416572570801e-01 1.150604844093322754e+00
7.074197387695312500e+01 8.407147979736328125e+01 1.197969604492187500e+03 9.437833428382873535e-01 6.275515556335449219e-01 1.144083499908447266e+00
1.894178581237792969e+01 5.950236129760742188e+01 4.345620117187500000e+02 2.467252314090728760e-01 1.894080787897109985e-01 1.133649468421936035e+00
9.900352478027343750e+00 5.809514999389648438e+00 4.138012084960937500e+02 7.607871890068054199e-01 -2.346385419368743896e-01 4.498045146465301514e-01
6.283542251586914062e+01 9.051145172119140625e+01 1.199592163085937500e+03 2.169222235679626465e-01 7.091144472360610962e-02 7.432880401611328125e-01
8.547915649414062500e+01 6.106589889526367188e+01 4.059158630371093750e+02 9.779943823814392090e-01 -6.515666842460632324e-02 3.289702162146568298e-02
3.630550622940063477e+00 6.890898895263671875e+01 3.072783203125000000e+02 4.510189592838287354e-02 3.716612979769706726e-02 7.472736239433288574e-01
7.096620941162109375e+01 4.020677947998046875e+01 1.456778930664062500e+03 7.833536267280578613e-01 6.528198719024658203e-01 7.633956074714660645e-01
7.936415863037109375e+01 3.042192459106445312e+01 1.003979431152343750e+03 3.793983459472656250e-01 3.510054051876068115e-01 6.357883214950561523e-01
2.056260108947753906e+01 3.213579559326171875e+01 2.614327087402343750e+02 1.041152477264404297e+00 -5.823704600334167480e-01 1.790895938873291016e+00
8.535719299316406250e+01 6.660468292236328125e+01 3.387302856445312500e+02 1.731493592262268066e+00 -7.608419060707092285e-01 3.355430066585540771e-01
6.083195114135742188e+01 7.640302276611328125e+01 9.035414428710937500e+02 4.630865156650543213e-01 2.348629683256149292e-01 2.205562144517898560e-01
6.619352722167968750e+01 7.865856933593750000e+01 1.120173828125000000e+03 4.856128096580505371e-01 1.784970313310623169e-01 2.674120664596557617e-01
9.438832092285156250e+01 8.358077239990234375e+01 8.528086547851562500e+02 2.090840041637420654e-01 -3.311831653118133545e-01 7.993463873863220215e-01
7.534862518310546875e+01 8.431209564208984375e+01 4.534136047363281250e+02 1.948345184326171875e+00 -9.841809421777725220e-02 1.574453711509704590e+00
8.786582946777343750e+01 1.150941848754882812e+01 1.487982299804687500e+03 6.984339356422424316e-01 1.773360818624496460e-01 1.231601357460021973e+00
3.937575531005859375e+01 6.618458557128906250e+01 8.758195800781250000e+02 1.323697566986083984e+00 -8.464035987854003906e-01 5.922640562057495117e-01
9.629854583740234375e+01 7.769471740722656250e+01 5.010285949707031250e+02 1.195369124412536621e+00 5.852885842323303223e-01 7.579146027565002441e-01
2.817999839782714844e+01 8.534673309326171875e+01 1.049287597656250000e+03 8.280695080757141113e-01 -2.692071199417114258e-01 1.928768277168273926e+00
5.644194030761718750e+01 4.283092117309570312e+01 3.868777465820312500e+02 5.670294761657714844e-01 -4.011573195457458496e-01 1.203032493591308594e+00
6.183573913574218750e+01 9.879524230957031250e+01 4.433880310058593750e+02 5.023478269577026367e-01 -1.854983158409595490e-02 5.082301497459411621e-01
6.597674560546875000e+01 7.444821166992187500e+01 6.163449707031250000e+02 5.211758613586425781e-01 -7.945352792739868164e-01 1.237488985061645508e+00
1.889614677429199219e+01 3.767804718017578125e+01 8.135293579101562500e+02 1.068747997283935547e+00 -5.142018944025039673e-02 6.062324047088623047e-01
7.944661712646484375e+01 9.300359344482421875e+01 3.553981628417968750e+02 1.434383273124694824e+00 -8.658676594495773315e-02 1.127987861633300781e+00
4.194341659545898438e+00 4.631322860717773438e+01 1.107311035156250000e+03 8.547053933143615723e-01 -2.373209968209266663e-02 8.881665468215942383e-01
