2.904135131835937500e+01 9.556328582763671875e+01 3.269324645996093750e+02
7.906791687011718750e+01 1.101115798950195312e+01 2.643958251953125000e+03
5.621095275878906250e+01 6.228117752075195312e+01 8.706879882812500000e+02
1.114002037048339844e+01 4.493991088867187500e+01 2.535926361083984375e+02
9.339779663085937500e+01 7.988573455810546875e+01 3.365543212890625000e+02
8.013098144531250000e+01 1.177054214477539062e+01 4.707944641113281250e+02
6.154471588134765625e+01 9.281641006469726562e+00 7.749338989257812500e+02
3.943712234497070312e+01 2.933114433288574219e+01 9.979995727539062500e+02
2.336984825134277344e+01 1.317929458618164062e+01 3.188117675781250000e+02
7.657875823974609375e+01 7.800405120849609375e+01 8.554896240234375000e+02
5.550181579589843750e+01 3.095222473144531250e+01 5.011870117187500000e+02
3.990942382812500000e+01 7.530532073974609375e+01 5.973449096679687500e+02
8.741252899169921875e+01 6.927906799316406250e+01 4.121506042480468750e+02
3.899487686157226562e+01 1.063533115386962891e+01 6.606209472656250000e+03
3.288535308837890625e+01 8.878511047363281250e+01 1.279938964843750000e+03
5.006361007690429688e+01 5.834923171997070312e+01 5.988178710937500000e+02
7.089585876464843750e+01 9.279126739501953125e+01 6.112141113281250000e+02
7.535558319091796875e+01 6.137881469726562500e+01 2.610455932617187500e+02
3.575243377685546875e+01 6.496406555175781250e+01 2.591005554199218750e+02
8.701737976074218750e+01 9.369163513183593750e+01 1.154427368164062500e+03
5.133869647979736328e+00 4.716289997100830078e+00 7.233769531250000000e+02
5.167394256591796875e+01 5.622476577758789062e+01 2.807756958007812500e+02
3.216169738769531250e+01 5.950452804565429688e+01 5.667113037109375000e+02
6.061475372314453125e+01 6.572637176513671875e+01 2.642438049316406250e+02
4.489228725433349609e+00 7.876604461669921875e+01 4.771368103027343750e+02
5.809488296508789062e+00 7.651892662048339844e+00 9.020180053710937500e+02
2.481934928894042969e+01 5.976607131958007812e+01 5.227241210937500000e+02
5.293414688110351562e+01 6.625430107116699219e+00 2.744207153320312500e+02
4.186484527587890625e+01 9.852851867675781250e+01 1.105301025390625000e+03
3.396487045288085938e+01 2.606180381774902344e+01 7.927066406250000000e+04
7.782601165771484375e+01 6.944721221923828125e+01 4.383976745605468750e+02
5.740160751342773438e+01 4.698524856567382812e+01 2.627737121582031250e+02
3.254228591918945312e+01 7.586306762695312500e+01 4.800588989257812500e+02
2.242008209228515625e+00 2.557373428344726562e+01 4.078322753906250000e+02
2.696870994567871094e+01 2.795279693603515625e+01 3.534723205566406250e+02
6.931618499755859375e+01 1.990043067932128906e+01 6.265862426757812500e+02
1.349155157804489136e-01 7.051195526123046875e+01 2.656765441894531250e+02
6.470243072509765625e+01 7.050710296630859375e+01 2.687379150390625000e+02
3.387606811523437500e+01 9.039400100708007812e+00 4.100389160156250000e+03
8.318557739257812500e+01 8.949834442138671875e+01 4.000694580078125000e+02
5.216635131835937500e+01 9.503209114074707031e+00 2.672188415527343750e+02
7.648124694824218750e+01 8.140354156494140625e+00 1.343739990234375000e+03
2.550498199462890625e+01 8.248437500000000000e+01 3.465047363281250000e+03
3.187422943115234375e+01 7.148804473876953125e+01 5.140698852539062500e+02
3.265158843994140625e+01 5.521796035766601562e+01 5.048766784667968750e+02
2.962425804138183594e+01 7.071012115478515625e+01 3.893000488281250000e+03
2.523486137390136719e+01 3.981359004974365234e-01 7.861246582031250000e+03
7.820970058441162109e+00 6.609821319580078125e+01 2.603787231445312500e+02
1.043795680999755859e+01 3.735074234008789062e+01 5.169786376953125000e+02
1.227886962890625000e+01 2.829977226257324219e+01 5.676989746093750000e+02
3.297188282012939453e+00 9.833012390136718750e+01 4.701571655273437500e+02
5.978620529174804688e+01 9.362133026123046875e+01 6.576762695312500000e+02
5.518726348876953125e+01 8.720074462890625000e+01 1.528562622070312500e+03
4.675348281860351562e+01 7.490119171142578125e+01 4.804712524414062500e+02
3.455155944824218750e+01 4.032651519775390625e+01 1.435016357421875000e+03
4.873827457427978516e+00 3.173969268798828125e+01 5.334682006835937500e+02
1.692675018310546875e+01 8.787226104736328125e+01 7.508082275390625000e+02
3.910492324829101562e+01 5.919304275512695312e+01 7.266652832031250000e+02
2.836213302612304688e+01 7.572544860839843750e+01 8.455742187500000000e+02
8.489887237548828125e+01 8.472385406494140625e+00 3.524511962890625000e+03
3.857620239257812500e+01 5.467269897460937500e+01 1.079347534179687500e+03
9.720712280273437500e+01 9.286689758300781250e+00 5.925238647460937500e+02
7.959171295166015625e+01 7.543450927734375000e+01 9.921978149414062500e+02
2.860346412658691406e+01 5.751970672607421875e+01 4.816175842285156250e+02
2.726339149475097656e+01 9.174237060546875000e+01 9.850798950195312500e+02
8.596496582031250000e+01 7.366936492919921875e+01 1.030485107421875000e+03
2.086317443847656250e+01 5.615179824829101562e+01 3.520015563964843750e+02
8.298645019531250000e+01 1.725284004211425781e+01 7.543357543945312500e+02
7.210932922363281250e+01 1.917614173889160156e+01 3.775616760253906250e+02
2.985117912292480469e+01 5.661493682861328125e+01 4.284205017089843750e+02
2.769581031799316406e+01 7.098350524902343750e+01 8.296000000000000000e+03
8.077168273925781250e+01 9.215209960937500000e+01 1.722440063476562500e+03
5.632802200317382812e+01 4.482619476318359375e+01 1.685192993164062500e+03
5.571187973022460938e+01 4.480984115600585938e+01 3.183171691894531250e+02
4.769299697875976562e+01 2.049679756164550781e+01 1.588868530273437500e+03
7.014121246337890625e+01 2.769861602783203125e+01 1.091199218750000000e+03
8.689109802246093750e+01 2.684195518493652344e+01 5.615142211914062500e+02
9.245249176025390625e+01 8.100167846679687500e+01 5.956061401367187500e+02
2.899252700805664062e+01 9.562197685241699219e+00 3.827327880859375000e+03
6.991810607910156250e+01 7.067772674560546875e+01 3.344896850585937500e+02
1.238808512687683105e+00 3.989150238037109375e+01 5.926924438476562500e+02
4.421465301513671875e+01 1.125362873077392578e+01 2.840692138671875000e+02
8.076200103759765625e+01 6.084277725219726562e+01 8.033411254882812500e+02
1.264557361602783203e+01 1.568592071533203125e+01 3.848431091308593750e+02
1.868053245544433594e+01 8.312482452392578125e+01 2.479351074218750000e+03
7.173337554931640625e+01 2.451292872428894043e-01 5.807639160156250000e+03
5.825535202026367188e+01 7.255642700195312500e+01 3.917723999023437500e+02
7.718481445312500000e+01 8.156193542480468750e+01 2.191912109375000000e+03
6.828052520751953125e+01 9.255960845947265625e+01 9.525510253906250000e+02
9.189418792724609375e+01 7.033110618591308594e+00 9.640534057617187500e+02
4.605616378784179688e+01 6.231422901153564453e+00 6.328034667968750000e+02
8.364186096191406250e+01 6.064080810546875000e+01 2.572386779785156250e+02
3.549412155151367188e+01 4.502246856689453125e+00 3.100248413085937500e+02
8.352411651611328125e+01 9.826471710205078125e+01 8.578469726562500000e+03
4.643289947509765625e+01 1.268397331237792969e+01 3.002481994628906250e+02
3.373691940307617188e+01 4.924887466430664062e+01 4.224031066894531250e+02
1.827879905700683594e+01 4.837985992431640625e+01 2.738821411132812500e+02
3.576116943359375000e+01 1.464680862426757812e+01 2.737678527832031250e+02
3.360086822509765625e+01 7.542090606689453125e+01 3.667065734863281250e+02
5.648387527465820312e+01 9.140871429443359375e+01 3.996904602050781250e+02
2.945204353332519531e+01 6.897957324981689453e+00 3.004053344726562500e+02
3.076093912124633789e+00 5.340131378173828125e+01 3.125881591796875000e+03
8.264415740966796875e+01 3.433274841308593750e+01 4.324937133789062500e+02
8.497887420654296875e+01 9.231478118896484375e+01 1.377463500976562500e+03
4.260848999023437500e+01 6.551737213134765625e+01 6.458081054687500000e+02
4.058155059814453125e+00 8.841864013671875000e+01 3.794815429687500000e+03
2.897097349166870117e+00 8.278363037109375000e+01 2.994958190917968750e+02
7.907450866699218750e+01 3.877029418945312500e+00 1.662167358398437500e+03
5.902180099487304688e+01 5.641129302978515625e+01 6.486944580078125000e+02
2.857521057128906250e+01 5.609033966064453125e+01 9.598976440429687500e+02
9.221391296386718750e+01 1.067319774627685547e+01 4.197417907714843750e+02
2.487086296081542969e+01 9.719241333007812500e+01 1.597210083007812500e+03
3.932506561279296875e+01 2.569433593750000000e+01 1.023791564941406250e+03
1.286002445220947266e+01 5.864620590209960938e+01 2.554085845947265625e+02
8.452746582031250000e+01 6.394189453125000000e+01 8.583844604492187500e+02
7.298946380615234375e+01 4.301044845581054688e+01 2.739950866699218750e+02
9.204236602783203125e+01 8.637841224670410156e+00 6.294951171875000000e+02
1.426329231262207031e+01 9.748624420166015625e+01 2.544177246093750000e+03
7.187976837158203125e+01 8.670644378662109375e+01 5.478020019531250000e+02
2.594347190856933594e+01 4.048634719848632812e+01 3.792703857421875000e+02
1.952491950988769531e+01 7.517910003662109375e+01 2.583247375488281250e+02
2.822769737243652344e+01 7.837916564941406250e+01 6.229803466796875000e+02
5.377125549316406250e+01 8.875186920166015625e+01 2.543290252685546875e+02
6.665840911865234375e+01 4.024188995361328125e+01 5.741853027343750000e+02
2.214110374450683594e+01 1.630788421630859375e+01 2.688441772460937500e+02
1.758039855957031250e+01 9.793032073974609375e+01 5.156910400390625000e+02
8.283290100097656250e+01 3.926835250854492188e+01 2.685077819824218750e+02
4.581206893920898438e+01 3.827745819091796875e+01 3.498483886718750000e+02
9.161196899414062500e+01 5.686790466308593750e+00 2.655708007812500000e+02
6.668612670898437500e+01 4.246594619750976562e+01 4.745390319824218750e+02
6.283572196960449219e+00 5.101765441894531250e+01 1.066665161132812500e+03
4.225601959228515625e+01 5.557727813720703125e+01 5.806320190429687500e+02
9.209216308593750000e+01 6.610734558105468750e+01 8.502420654296875000e+02
5.773594284057617188e+01 3.249729537963867188e+01 3.983364453125000000e+04
8.938770294189453125e+01 8.399641418457031250e+01 8.767235717773437500e+02
6.555785369873046875e+01 2.629056167602539062e+01 7.557667236328125000e+02
5.261960601806640625e+01 7.974529266357421875e+01 2.999303466796875000e+03
6.649829864501953125e+01 8.326267242431640625e+00 2.219546630859375000e+03
7.711271667480468750e+01 1.359949779510498047e+01 9.520258178710937500e+02
2.234870147705078125e+01 2.666058158874511719e+01 2.216182373046875000e+03
1.552494907379150391e+01 2.953660583496093750e+01 7.593894653320312500e+02
4.264578628540039062e+01 8.393420410156250000e+01 5.796187011718750000e+03
1.761378288269042969e+01 4.860217666625976562e+01 9.496440429687500000e+02
8.799089813232421875e+01 3.123845291137695312e+01 3.877261352539062500e+02
3.856752014160156250e+01 4.630673980712890625e+01 5.025538940429687500e+02
1.146744441986083984e+01 6.998802947998046875e+01 1.735564697265625000e+03
8.067226409912109375e+01 7.222307920455932617e-01 8.954776367187500000e+03
2.505980300903320312e+01 1.134077453613281250e+01 3.084302062988281250e+02
5.499346160888671875e+01 4.575271224975585938e+01 2.595275268554687500e+02
9.198890686035156250e+01 9.275164031982421875e+01 5.023033203125000000e+03
5.137189102172851562e+01 4.377727508544921875e+01 1.968247070312500000e+03
6.999687957763671875e+01 5.119040679931640625e+01 8.127584838867187500e+02
7.069283294677734375e+01 6.205884456634521484e+00 1.232248901367187500e+03
8.566199493408203125e+01 9.554150390625000000e+01 2.792552185058593750e+02
6.427231597900390625e+01 6.439177703857421875e+01 2.864250183105468750e+02
5.506130981445312500e+01 6.118574905395507812e+01 4.097225952148437500e+02
7.700736999511718750e+01 5.414146423339843750e+01 2.816798400878906250e+02
6.384975433349609375e+01 6.837149047851562500e+01 3.296755981445312500e+02
8.836801147460937500e+01 1.847657394409179688e+01 1.356055664062500000e+04
4.382086181640625000e+01 2.410815620422363281e+01 1.248548828125000000e+03
1.876277542114257812e+01 4.909005355834960938e+01 3.962989807128906250e+02
7.370633697509765625e+01 6.300956726074218750e+01 3.890890808105468750e+02
3.097862243652343750e+01 7.144277191162109375e+01 3.437780761718750000e+02
7.297348022460937500e+01 8.729631042480468750e+01 6.759490356445312500e+02
8.620442199707031250e+01 1.357234287261962891e+01 2.978250122070312500e+02
5.490729522705078125e+01 2.270845985412597656e+01 1.330526123046875000e+03
2.840382385253906250e+01 2.489098930358886719e+01 3.223562927246093750e+02
3.265898895263671875e+01 8.922478485107421875e+01 2.763288879394531250e+02
3.115545845031738281e+01 4.581407928466796875e+01 2.561964721679687500e+02
8.386074066162109375e+01 4.426030349731445312e+01 3.153913574218750000e+02
3.316601562500000000e+01 1.776570320129394531e+01 3.492839050292968750e+02
4.182606506347656250e+01 2.815032005310058594e+01 1.106514892578125000e+03
5.197552871704101562e+01 4.488322067260742188e+01 9.683233032226562500e+02
1.148804855346679688e+01 4.156823730468750000e+01 8.225971069335937500e+02
1.417737483978271484e+01 7.669091796875000000e+01 6.689505615234375000e+02
5.191220474243164062e+01 3.718461227416992188e+01 2.798344421386718750e+02
3.025600624084472656e+01 9.233382415771484375e+01 4.824138488769531250e+02
1.924205398559570312e+01 9.337213134765625000e+01 5.900274047851562500e+02
1.832397842407226562e+01 6.557582092285156250e+01 3.142279357910156250e+02
2.314262008666992188e+01 7.827633666992187500e+01 2.656419982910156250e+02
7.677824401855468750e+01 5.555369949340820312e+01 6.699268188476562500e+02
8.793325042724609375e+01 3.233121871948242188e+01 3.353218078613281250e+02
7.219038391113281250e+01 1.884259986877441406e+01 2.724721374511718750e+02
3.403110122680664062e+01 5.331500244140625000e+01 6.073369750976562500e+02
1.234088706970214844e+01 5.319467926025390625e+01 1.049130371093750000e+03
6.589516448974609375e+01 2.424509429931640625e+01 2.973967285156250000e+02
1.601924514770507812e+01 3.667161560058593750e+01 3.123285522460937500e+02
8.206462860107421875e+01 7.858567047119140625e+01 3.057043762207031250e+02
7.051651763916015625e+01 2.913044548034667969e+01 4.204481811523437500e+02
9.548348236083984375e+01 1.149611568450927734e+01 9.958923950195312500e+02
7.972117614746093750e+01 7.114262390136718750e+01 3.933255615234375000e+02
7.257534027099609375e+01 1.696072196960449219e+01 3.777390441894531250e+02
3.793510437011718750e+01 4.242234802246093750e+01 3.867365722656250000e+03
1.474129796028137207e+00 7.804539489746093750e+01 5.497843017578125000e+02
4.930549240112304688e+01 5.959166336059570312e+01 4.770384826660156250e+02
2.275253105163574219e+01 1.715581130981445312e+01 3.162881774902343750e+02
4.056530761718750000e+01 6.068923950195312500e+01 3.930926513671875000e+02
4.640135192871093750e+01 8.310865020751953125e+01 2.996887817382812500e+02
8.456944274902343750e+01 8.395131683349609375e+01 4.607239990234375000e+02
4.112964248657226562e+01 1.540021228790283203e+01 1.342196655273437500e+03
7.605861663818359375e+01 9.033941650390625000e+01 2.874229431152343750e+02
1.694726943969726562e+01 6.987755584716796875e+01 1.378934204101562500e+03
7.398683166503906250e+01 6.432634735107421875e+01 7.803111572265625000e+02
1.525564193725585938e+01 2.244217300415039062e+01 2.541221008300781250e+02
7.824258422851562500e+01 6.708228302001953125e+01 3.544167480468750000e+02
5.655446243286132812e+01 4.488711357116699219e+00 7.469990844726562500e+02
7.772529602050781250e+01 5.528906631469726562e+01 2.514492645263671875e+02
2.468281173706054688e+01 9.382083892822265625e+01 4.364906738281250000e+03
1.068168735504150391e+01 3.367159652709960938e+01 5.643195190429687500e+02
9.340318298339843750e+01 7.457840728759765625e+01 1.509963745117187500e+03
3.039438629150390625e+01 5.157487106323242188e+01 6.425468750000000000e+02
1.650685119628906250e+01 5.883568572998046875e+01 2.704519958496093750e+02
9.348260498046875000e+01 2.666527748107910156e+01 8.487261962890625000e+02
5.191754531860351562e+01 3.512220382690429688e+01 2.906063842773437500e+02
1.277772235870361328e+01 7.127500915527343750e+01 5.162315673828125000e+02
1.116760730743408203e+00 6.074634552001953125e+01 7.225618286132812500e+02
7.074197387695312500e+01 7.894400024414062500e+01 4.670649414062500000e+02
1.894178581237792969e+01 5.116409683227539062e+01 3.335636901855468750e+02
9.900352478027343750e+00 4.007590866088867188e+01 6.623384399414062500e+02
6.283542251586914062e+01 5.154140472412109375e+00 4.573374328613281250e+02
8.547915649414062500e+01 4.813916397094726562e+01 2.551177978515625000e+02
3.630550622940063477e+00 1.696062660217285156e+01 7.570922363281250000e+03
7.096620941162109375e+01 7.020330429077148438e+00 2.846860046386718750e+02
7.936415863037109375e+01 5.751229286193847656e+00 2.572410583496093750e+02
2.056260108947753906e+01 6.812722778320312500e+01 2.819133911132812500e+02
8.535719299316406250e+01 9.831039428710937500e+01 1.400379150390625000e+03
6.083195114135742188e+01 2.993410825729370117e+00 4.049484558105468750e+02
6.619352722167968750e+01 9.830282592773437500e+01 5.822597656250000000e+02
9.438832092285156250e+01 2.030227851867675781e+01 2.679816284179687500e+02
7.534862518310546875e+01 1.494072628021240234e+01 2.325644042968750000e+03
8.786582946777343750e+01 6.639835357666015625e+01 4.943327026367187500e+02
3.937575531005859375e+01 9.135236358642578125e+01 5.458348999023437500e+02
9.629854583740234375e+01 9.321162414550781250e+01 1.164091064453125000e+03
2.817999839782714844e+01 8.577102661132812500e+01 2.597136535644531250e+02
5.644194030761718750e+01 2.486293029785156250e+01 7.277139892578125000e+02
6.183573913574218750e+01 2.489600181579589844e+00 4.718430480957031250e+02
6.597674560546875000e+01 3.547069931030273438e+01 1.658840942382812500e+03
1.889614677429199219e+01 4.871346664428710938e+01 6.727445678710937500e+02
7.944661712646484375e+01 1.266662120819091797e+01 7.809913940429687500e+02
4.194341659545898438e+00 8.226117706298828125e+01 1.134251098632812500e+03
3.471738815307617188e+01 3.320034408569335938e+01 6.619185791015625000e+02
1.245174598693847656e+01 1.812452697753906250e+01 2.636910705566406250e+02
1.525192737579345703e+01 1.010559082031250000e+01 3.112941284179687500e+02
1.609891891479492188e+01 9.284997558593750000e+01 6.007081909179687500e+02
3.128033447265625000e+01 6.818618774414062500e+01 3.900468750000000000e+02
3.692055892944335938e+01 2.039605903625488281e+01 2.969690917968750000e+03
9.540813446044921875e+01 9.947473406791687012e-01 4.940476684570312500e+02
2.907174682617187500e+01 6.914952087402343750e+01 5.011275329589843750e+02
3.971063232421875000e+01 7.924872589111328125e+01 5.093231811523437500e+02
1.976522827148437500e+01 4.780333328247070312e+01 9.271813354492187500e+02
9.614921569824218750e+01 3.531332778930664062e+01 8.097479248046875000e+02
6.330974960327148438e+01 3.821908569335937500e+01 3.689098510742187500e+02
3.313333892822265625e+01 7.648066043853759766e+00 3.456311950683593750e+02
5.480714416503906250e+01 7.059708404541015625e+01 7.241681518554687500e+02
9.458204650878906250e+01 4.326845169067382812e+01 2.869319152832031250e+02
6.952723693847656250e+01 8.358425903320312500e+01 7.273070068359375000e+02
2.153473281860351562e+01 9.533068084716796875e+01 2.538816986083984375e+02
6.944460296630859375e+01 6.240112781524658203e+00 3.183688964843750000e+02
6.769394683837890625e+01 1.280215358734130859e+01 4.233664550781250000e+02
9.171321105957031250e+01 3.410082578659057617e+00 4.616116943359375000e+02
4.287200450897216797e+00 8.644641876220703125e+01 1.416587011718750000e+04
8.534460449218750000e+01 7.584595489501953125e+01 1.372175170898437500e+03
8.865795135498046875e+01 9.385167694091796875e+01 3.702151184082031250e+02
5.576231956481933594e+00 3.211975860595703125e+01 3.027568359375000000e+02
7.393289184570312500e+01 7.462439727783203125e+01 4.817189941406250000e+03
9.122419357299804688e-01 3.264286422729492188e+01 1.332632202148437500e+03
6.332630157470703125e+00 2.375702095031738281e+01 3.611906127929687500e+02
1.071770477294921875e+01 9.383706092834472656e+00 5.299644775390625000e+02
4.204600143432617188e+01 9.163758087158203125e+01 1.510140039062500000e+04
8.689891815185546875e+01 7.214593505859375000e+01 5.531767578125000000e+02
1.890880393981933594e+01 6.793200683593750000e+01 6.500801391601562500e+02
5.613360404968261719e+00 5.713704299926757812e+01 7.361821899414062500e+02
6.014641571044921875e+01 8.722190856933593750e+01 1.500284667968750000e+03
3.858433914184570312e+01 8.242436981201171875e+01 2.714912414550781250e+02
4.615604400634765625e+01 5.136554718017578125e+01 4.897286987304687500e+02
1.647273254394531250e+01 1.166009521484375000e+01 4.077145385742187500e+02
8.407147979736328125e+01 4.325144577026367188e+01 4.907028503417968750e+02
5.950236129760742188e+01 8.782646942138671875e+01 3.607673034667968750e+02
5.809514999389648438e+00 1.099823474884033203e+01 5.348147583007812500e+02
9.051145172119140625e+01 6.617298889160156250e+01 4.614872436523437500e+02
6.106589889526367188e+01 6.558921813964843750e+01 4.619773864746093750e+02
6.890898895263671875e+01 7.713314056396484375e+00 4.423005676269531250e+02
4.020677947998046875e+01 7.299661254882812500e+01 5.026462097167968750e+02
3.042192459106445312e+01 4.169867324829101562e+01 5.942651367187500000e+02
3.213579559326171875e+01 8.481136322021484375e+01 3.956835632324218750e+02
6.660468292236328125e+01 6.571200561523437500e+01 3.590874023437500000e+02
7.640302276611328125e+01 6.825396728515625000e+01 5.925202026367187500e+02
7.865856933593750000e+01 5.242369079589843750e+01 3.217286682128906250e+02
8.358077239990234375e+01 7.118422698974609375e+01 8.025834350585937500e+02
8.431209564208984375e+01 4.476482772827148438e+01 4.784084777832031250e+02
1.150941848754882812e+01 7.068992614746093750e+01 1.412829467773437500e+03
6.618458557128906250e+01 4.334118843078613281e+00 3.338156433105468750e+02
7.769471740722656250e+01 2.007815742492675781e+01 2.546495819091796875e+02
8.534673309326171875e+01 1.988824307918548584e-01 2.784448242187500000e+02
4.283092117309570312e+01 4.250432205200195312e+01 5.017606445312500000e+03
9.879524230957031250e+01 1.161985301971435547e+01 5.210291748046875000e+02
7.444821166992187500e+01 8.205486297607421875e+01 6.670662231445312500e+02
3.767804718017578125e+01 6.451125335693359375e+01 2.503504791259765625e+02
9.300359344482421875e+01 3.811193084716796875e+01 6.944766845703125000e+02
4.631322860717773438e+01 4.273674774169921875e+01 2.742014770507812500e+02
5.087559509277343750e+01 3.492863464355468750e+01 1.037377685546875000e+03
6.851847839355468750e+01 3.317823791503906250e+01 2.558024597167968750e+02
6.634090423583984375e+01 6.622195434570312500e+01 3.436364746093750000e+02
2.149179267883300781e+01 2.304233932495117188e+01 1.102802246093750000e+03
9.085773468017578125e+01 4.333091354370117188e+01 4.395991821289062500e+02
3.936409378051757812e+01 1.078626155853271484e+01 2.825213928222656250e+02
2.657873725891113281e+01 6.386988830566406250e+01 3.210924072265625000e+02
4.250823211669921875e+01 4.812070465087890625e+01 5.373395385742187500e+02
7.587003326416015625e+01 8.782878875732421875e+01 4.408341979980468750e+02
9.580517578125000000e+01 4.772060775756835938e+01 4.850237121582031250e+02
1.532105827331542969e+01 8.429891967773437500e+01 5.466441894531250000e+03
5.398723983764648438e+01 1.825230479240417480e+00 2.870325317382812500e+02
1.616416740417480469e+01 6.673753356933593750e+01 1.053513671875000000e+03
2.150756454467773438e+01 2.028767204284667969e+01 8.058125000000000000e+02
1.836399078369140625e+01 4.417654418945312500e+01 2.773421020507812500e+02
1.439487171173095703e+01 5.568767929077148438e+01 3.663666992187500000e+02
6.073417282104492188e+01 7.349029541015625000e+01 2.526649780273437500e+02
1.023211574554443359e+01 3.557765579223632812e+01 7.056655883789062500e+02
3.431735515594482422e+00 3.450318527221679688e+01 3.011314392089843750e+02
4.541956329345703125e+01 1.400225448608398438e+01 3.026310119628906250e+02
7.366833496093750000e+01 8.599540710449218750e+01 3.659886169433593750e+02
8.396794128417968750e+01 5.112697982788085938e+01 5.984021606445312500e+02
5.484408569335937500e+01 5.522709274291992188e+01 2.949314270019531250e+02
2.485629463195800781e+01 4.141514587402343750e+01 8.545395507812500000e+02
7.945108795166015625e+01 3.263611793518066406e+00 1.035862915039062500e+03
6.097076797485351562e+01 1.919187426567077637e+00 3.095102233886718750e+02
5.508908843994140625e+01 6.043608856201171875e+01 3.205325622558593750e+02
6.244011878967285156e+00 2.358375930786132812e+01 1.397922119140625000e+03
1.335622787475585938e+01 5.939962768554687500e+01 4.023152465820312500e+02
5.439912796020507812e+01 7.911360168457031250e+01 6.549570312500000000e+02
8.203749084472656250e+01 1.174914836883544922e+01 6.430167846679687500e+02
2.612287139892578125e+01 7.606963348388671875e+01 3.801520263671875000e+03
5.271651077270507812e+01 8.223088836669921875e+01 5.523978881835937500e+02
6.355274581909179688e+01 9.431385040283203125e+01 5.131892089843750000e+02
9.296192169189453125e+01 6.091082763671875000e+01 2.251342041015625000e+03
5.657009124755859375e+01 6.023462677001953125e+01 3.215346679687500000e+02
7.834004211425781250e+01 2.201283645629882812e+01 3.004167785644531250e+02
4.204610061645507812e+01 7.983244323730468750e+01 2.853551330566406250e+02
3.918867492675781250e+01 3.983536481857299805e+00 8.038616333007812500e+02
7.836798858642578125e+01 4.426269149780273438e+01 6.990756835937500000e+02
3.802677536010742188e+01 6.083145141601562500e+01 4.817715454101562500e+02
1.845412826538085938e+01 1.857750320434570312e+01 1.230380981445312500e+03
8.201045989990234375e+01 8.509932708740234375e+01 2.935285339355468750e+02
7.434809875488281250e+01 6.363134384155273438e+01 3.871466552734375000e+03
4.329363346099853516e+00 8.271975708007812500e+01 2.816083068847656250e+02
2.593301200866699219e+01 6.017737197875976562e+01 5.601772460937500000e+02
7.160778808593750000e+01 2.464953041076660156e+01 3.073825683593750000e+02
7.690522003173828125e+01 2.325714302062988281e+01 3.567622985839843750e+02
6.997824859619140625e+01 2.812991142272949219e+01 2.697897033691406250e+02
4.441407775878906250e+01 2.245513916015625000e+01 6.457263793945312500e+02
8.236673736572265625e+01 3.593211746215820312e+01 1.914887573242187500e+03
7.074075317382812500e+01 5.732383728027343750e+01 1.070040136718750000e+04
4.960162353515625000e+01 2.746694755554199219e+01 2.586990661621093750e+02
7.541256713867187500e+01 6.101472854614257812e+01 3.826543884277343750e+02
3.502630233764648438e+01 8.936152648925781250e+01 5.355238769531250000e+03
4.317982101440429688e+01 4.971869277954101562e+01 4.709282226562500000e+02
5.884391784667968750e+01 9.430083465576171875e+01 9.483967895507812500e+02
6.857700347900390625e+01 6.425982666015625000e+01 2.151429101562500000e+04
2.935979652404785156e+01 8.788844299316406250e+01 2.594490051269531250e+02
7.664855957031250000e+01 6.535323143005371094e+00 7.627022094726562500e+02
8.994485473632812500e+01 1.088635158538818359e+01 3.486834411621093750e+02
5.002660751342773438e+01 3.624392700195312500e+01 8.724964843750000000e+03
5.188845062255859375e+01 5.523324203491210938e+01 1.152425537109375000e+03
5.599530792236328125e+01 2.811558914184570312e+01 2.559334716796875000e+03
8.986465454101562500e+01 9.019825744628906250e+01 3.114743652343750000e+02
7.654673767089843750e+01 7.288652801513671875e+01 7.762200317382812500e+02
1.518139839172363281e+00 1.429462814331054688e+01 8.132371215820312500e+02
8.244812965393066406e+00 4.129807662963867188e+01 3.581203308105468750e+02
8.467285919189453125e+01 1.268080902099609375e+01 2.698952941894531250e+02
5.355258464813232422e+00 7.705307769775390625e+01 1.691737109375000000e+04
1.344459438323974609e+01 8.081809234619140625e+01 6.884338989257812500e+02
4.347003555297851562e+01 3.970916748046875000e+01 6.159941406250000000e+02
2.445006752014160156e+01 7.938271331787109375e+01 2.740308227539062500e+02
3.771673917770385742e+00 6.032873535156250000e+01 3.213208618164062500e+02
9.823748779296875000e+01 2.829325866699218750e+01 6.794258300781250000e+03
9.713052368164062500e+01 8.707454681396484375e+01 3.000470886230468750e+02
8.506919097900390625e+01 5.559106826782226562e+01 2.919551696777343750e+02
4.030566406250000000e+01 3.500168228149414062e+01 5.519431762695312500e+02
7.383391571044921875e+01 2.383155250549316406e+01 3.169338073730468750e+02
3.952825164794921875e+01 8.939123153686523438e+00 3.480640869140625000e+02
1.933331871032714844e+01 8.308564758300781250e+01 5.988331909179687500e+02
9.035752105712890625e+01 4.551781082153320312e+01 4.746380004882812500e+02
5.884029769897460938e+01 3.934383773803710938e+01 1.634173095703125000e+03
2.314090728759765625e+01 3.739919662475585938e+01 9.009624633789062500e+02
1.483951091766357422e+01 3.394986724853515625e+01 5.474080200195312500e+02
4.053173065185546875e+01 3.668952941894531250e+01 2.657667846679687500e+02
9.443206024169921875e+01 8.320489501953125000e+01 5.241448974609375000e+02
3.963261604309082031e+00 5.582528114318847656e+00 4.309603271484375000e+02
7.107116699218750000e+01 1.721777153015136719e+01 8.006400146484375000e+02
2.934233474731445312e+01 8.293988800048828125e+01 1.976877441406250000e+03
1.188834857940673828e+01 6.990345001220703125e+01 1.189184448242187500e+03
6.338623809814453125e+01 1.771766471862792969e+01 8.192515869140625000e+02
6.609537506103515625e+01 9.568022155761718750e+01 5.368150634765625000e+02
3.642362976074218750e+01 8.669972419738769531e+00 6.177457885742187500e+02
9.729837036132812500e+01 1.410329532623291016e+01 8.623140258789062500e+02
8.112059783935546875e+01 4.075466156005859375e+01 2.727243041992187500e+02
8.291767120361328125e+01 5.509128570556640625e+01 3.496822204589843750e+02
7.142766571044921875e+01 1.977404212951660156e+01 3.034041137695312500e+02
5.708523178100585938e+01 8.236954689025878906e+00 2.900249023437500000e+02
4.539812469482421875e+01 3.138298416137695312e+01 1.188105102539062500e+03
6.305698776245117188e+01 3.779646682739257812e+01 4.948033203125000000e+03
4.502870559692382812e+01 8.190117645263671875e+01 2.504198486328125000e+03
7.845116424560546875e+01 6.609619903564453125e+01 3.191249389648437500e+02
5.669203186035156250e+01 9.416254425048828125e+01 4.072028076171875000e+03
8.756874847412109375e+01 9.344872474670410156e+00 7.218917236328125000e+02
8.721336364746093750e+01 3.333002090454101562e+01 5.509547119140625000e+02
2.483008766174316406e+01 1.528386783599853516e+01 8.726698608398437500e+02
2.091546821594238281e+01 4.760576248168945312e+01 9.215453491210937500e+02
6.106834030151367188e+01 2.198802185058593750e+01 3.554121704101562500e+02
8.636692810058593750e+01 9.195232391357421875e+01 2.809858703613281250e+02
7.497653961181640625e+01 9.039221191406250000e+01 1.554000000000000000e+03
8.542161560058593750e+01 8.920528411865234375e+00 3.307067871093750000e+02
8.172914123535156250e+01 9.382764434814453125e+01 3.557546386718750000e+02
8.654177093505859375e+01 2.047334671020507812e+01 5.530841674804687500e+02
7.780062866210937500e+01 8.164543151855468750e+01 2.944117187500000000e+03
6.741688251495361328e+00 8.543458557128906250e+01 3.148056335449218750e+02
8.389180755615234375e+01 2.300605010986328125e+01 1.373139038085937500e+03
6.757003784179687500e+01 9.293476104736328125e+01 3.543627929687500000e+02
7.910107421875000000e+01 5.473142242431640625e+01 1.404196044921875000e+03
5.803768157958984375e+01 3.393679141998291016e+00 5.118967285156250000e+02
4.628857421875000000e+01 9.399046325683593750e+01 7.773504638671875000e+02
8.072756195068359375e+01 3.395816421508789062e+01 4.451370544433593750e+02
3.301050949096679688e+01 3.094588279724121094e+00 2.568533325195312500e+02
8.919013214111328125e+01 3.446570205688476562e+01 3.568137207031250000e+02
1.146671485900878906e+01 4.574065780639648438e+01 4.231912536621093750e+02
9.462117004394531250e+01 1.718421363830566406e+01 1.407023925781250000e+03
3.776263809204101562e+01 1.321001911163330078e+01 2.465777832031250000e+03
4.696418380737304688e+01 5.752618789672851562e+01 3.616976013183593750e+02
9.449023437500000000e+01 7.621386718750000000e+01 3.067601928710937500e+02
4.867202377319335938e+01 7.395013427734375000e+01 2.691245361328125000e+03
5.211855888366699219e+00 3.972348785400390625e+01 2.509685821533203125e+02
4.673091506958007812e+01 2.218466186523437500e+01 4.258671264648437500e+02
2.320513153076171875e+01 8.433942413330078125e+01 9.305122680664062500e+02
4.242216491699218750e+01 9.854459381103515625e+01 3.153789367675781250e+02
5.289646148681640625e+00 3.143468797206878662e-01 1.911517578125000000e+03
1.931556510925292969e+01 8.390570831298828125e+01 1.191529296875000000e+03
3.083741378784179688e+01 1.582421684265136719e+01 4.517684631347656250e+02
3.796264648437500000e+01 9.238345336914062500e+01 2.560057983398437500e+02
6.161623764038085938e+01 4.348270416259765625e+01 4.399222106933593750e+02
5.660462951660156250e+01 6.601714611053466797e+00 2.519898681640625000e+02
5.367750930786132812e+01 5.349716567993164062e+01 3.947385253906250000e+02
2.016213989257812500e+01 6.557279205322265625e+01 3.806330566406250000e+02
8.025500488281250000e+01 6.384480285644531250e+01 4.344338684082031250e+02
8.291030120849609375e+01 4.498606109619140625e+01 3.675347900390625000e+02
9.799240112304687500e+00 6.157300949096679688e+01 5.425197753906250000e+02
4.974613952636718750e+01 5.502366638183593750e+01 4.017074890136718750e+02
9.800489044189453125e+01 5.678357315063476562e+01 1.268007934570312500e+03
6.270660400390625000e+01 2.345302009582519531e+01 5.850426635742187500e+02
6.105283737182617188e+01 7.308286190032958984e+00 6.750747070312500000e+02
9.137187194824218750e+01 5.445345687866210938e+01 4.212315063476562500e+02
4.816212844848632812e+01 7.226712799072265625e+01 3.946743164062500000e+02
4.082490158081054688e+01 2.218795394897460938e+01 5.493150024414062500e+02
2.924012565612792969e+01 4.690317630767822266e+00 4.001661682128906250e+02
8.936508941650390625e+01 6.407582855224609375e+01 5.440274047851562500e+02
7.702167510986328125e+01 5.227060317993164062e+01 4.341791381835937500e+02
6.984620666503906250e+01 8.296173095703125000e+00 6.005660400390625000e+02
4.880736160278320312e+01 7.513043212890625000e+01 3.428631591796875000e+02
4.167896652221679688e+01 9.724806785583496094e+00 3.879040039062500000e+03
5.981209182739257812e+01 5.464641571044921875e+01 4.188330688476562500e+02
5.197100830078125000e+01 2.701741790771484375e+01 2.829028808593750000e+03
1.681510353088378906e+01 4.658200454711914062e+01 3.608971862792968750e+02
2.373307609558105469e+01 7.067709350585937500e+01 3.008884277343750000e+02
2.875217056274414062e+01 8.981271362304687500e+01 8.830376953125000000e+03
3.857292938232421875e+01 1.400146865844726562e+01 1.309116943359375000e+03
5.797529983520507812e+01 8.933351898193359375e+01 5.602210083007812500e+02
2.172115087509155273e+00 5.332545089721679688e+01 5.194113769531250000e+02
3.538049697875976562e+01 6.996941375732421875e+01 7.958191528320312500e+02
5.289878845214843750e+01 3.983929061889648438e+01 3.856772460937500000e+02
2.501283264160156250e+01 3.932824707031250000e+01 9.290203857421875000e+02
8.775571441650390625e+01 4.987464904785156250e+01 2.897964782714843750e+02
7.011678314208984375e+01 2.024082946777343750e+01 2.565779724121093750e+02
1.366371631622314453e+01 9.277908325195312500e+00 4.470398254394531250e+02
4.638610839843750000e+01 1.980724334716796875e+01 7.190286865234375000e+02
6.138406372070312500e+01 4.635464859008789062e+01 4.166610107421875000e+02
5.115038299560546875e+01 7.520240020751953125e+01 1.067834228515625000e+03
9.538500976562500000e+01 6.064146041870117188e+01 4.696761474609375000e+02
6.581625938415527344e+00 7.160000610351562500e+01 7.863911743164062500e+02
7.401099395751953125e+01 8.521173858642578125e+01 6.857305908203125000e+02
8.621545410156250000e+01 5.685363006591796875e+01 2.360876220703125000e+03
9.575347900390625000e+01 4.934712600708007812e+01 4.558744201660156250e+02
8.984268951416015625e+01 2.740432739257812500e+01 6.825549926757812500e+02
8.040074920654296875e+01 2.963594627380371094e+01 8.926333007812500000e+02
6.791495513916015625e+01 2.910460662841796875e+01 4.081362304687500000e+02
8.608637809753417969e+00 9.731170654296875000e+01 5.176658325195312500e+02
9.643761634826660156e+00 8.985930633544921875e+01 4.885349121093750000e+02
9.227481484413146973e-01 7.675016784667968750e+01 3.198521728515625000e+02
2.999647140502929688e+00 9.010231018066406250e+01 3.591988037109375000e+03
1.036510467529296875e+01 6.184195709228515625e+01 2.603039855957031250e+02
1.077863788604736328e+01 4.220702362060546875e+01 3.350973815917968750e+02
4.177183151245117188e+01 6.234544754028320312e+01 7.736083374023437500e+02
2.088991165161132812e+01 9.107527923583984375e+01 3.077698974609375000e+03
8.809408569335937500e+01 6.043402099609375000e+01 3.442733459472656250e+02
1.894974136352539062e+01 2.226507186889648438e+01 7.726430053710937500e+02
7.842210769653320312e+00 6.184704589843750000e+01 8.148765258789062500e+02
6.346825122833251953e+00 2.880822181701660156e+01 5.394878906250000000e+04
8.403524017333984375e+01 6.856246948242187500e+01 3.532360534667968750e+02
7.242255401611328125e+01 8.125940704345703125e+01 3.464909973144531250e+02
2.682022476196289062e+01 6.728329467773437500e+01 1.003040649414062500e+03
2.614596748352050781e+01 1.588538932800292969e+01 9.592919311523437500e+02
3.828932571411132812e+01 3.193637466430664062e+01 2.237679199218750000e+03
2.431754493713378906e+01 9.292382812500000000e+01 3.274967956542968750e+02
1.084157371520996094e+01 1.715127944946289062e+01 2.189981640625000000e+04
9.073807525634765625e+01 3.870808792114257812e+01 2.516505737304687500e+02
3.045202636718750000e+01 3.263167953491210938e+01 2.504954986572265625e+02
3.391341781616210938e+01 4.257586669921875000e+01 1.200408325195312500e+03
8.150289154052734375e+01 7.037662506103515625e+01 5.712338867187500000e+02
2.621114921569824219e+01 6.829338073730468750e+01 7.115805664062500000e+02
3.460715866088867188e+01 6.592400360107421875e+01 6.027211914062500000e+02
3.102357101440429688e+01 9.409839630126953125e+01 1.367552490234375000e+03
2.258448982238769531e+01 7.797927856445312500e+01 5.548687744140625000e+02
9.633487701416015625e+01 8.076816558837890625e+01 4.402979431152343750e+02
5.066851806640625000e+01 3.807928466796875000e+01 4.915658569335937500e+02
2.858118057250976562e+01 3.880623245239257812e+01 5.820007934570312500e+02
1.318019580841064453e+01 3.885583114624023438e+01 4.679947814941406250e+02
7.316764068603515625e+01 7.826427459716796875e+01 3.165092468261718750e+02
2.560960388183593750e+01 1.571493530273437500e+01 4.287859497070312500e+02
7.674350738525390625e+01 6.216689682006835938e+01 2.452093994140625000e+03
9.263982391357421875e+01 5.010203170776367188e+01 2.898887329101562500e+02
3.397124862670898438e+01 8.054672241210937500e+01 2.021747558593750000e+03
9.485312652587890625e+01 5.212010574340820312e+01 3.760119323730468750e+02
4.734107208251953125e+01 2.153832244873046875e+01 3.318255004882812500e+02
9.733821868896484375e+01 6.976056671142578125e+01 3.689995727539062500e+02
7.400917053222656250e+01 9.063957977294921875e+01 1.326903320312500000e+03
7.976741027832031250e+01 7.038500976562500000e+01 4.517355957031250000e+02
1.573842048645019531e+01 1.500782775878906250e+01 1.055062988281250000e+03
3.644641494750976562e+01 1.671862983703613281e+01 2.525211639404296875e+02
6.674020385742187500e+01 1.406480312347412109e+01 5.695979614257812500e+02
6.560565948486328125e+01 2.727017784118652344e+01 2.884369812011718750e+02
1.328096866607666016e+01 5.165461730957031250e+01 2.993460449218750000e+03
4.186471176147460938e+01 8.779281616210937500e+01 2.675502685546875000e+03
8.975105285644531250e+01 5.788579559326171875e+01 5.193236083984375000e+02
3.117630004882812500e+01 8.399368286132812500e+01 1.083775756835937500e+03
6.861493682861328125e+01 8.840064239501953125e+01 2.964216613769531250e+02
7.168118953704833984e+00 5.472706985473632812e+01 4.284273986816406250e+02
1.418883705139160156e+01 2.065119171142578125e+01 2.673798217773437500e+02
2.227237892150878906e+01 8.267404937744140625e+01 2.983578491210937500e+02
1.807721900939941406e+01 9.664984893798828125e+01 3.350866455078125000e+03
4.605265808105468750e+01 4.978162765502929688e+01 2.762650451660156250e+02
4.139438247680664062e+01 1.208637237548828125e+00 1.125388574218750000e+04
1.507469367980957031e+01 6.437810516357421875e+01 8.096055908203125000e+02
5.544107437133789062e+01 6.845029354095458984e+00 6.325731811523437500e+02
2.594150543212890625e+01 2.647621154785156250e+01 2.919281005859375000e+02
1.883728218078613281e+01 8.263778686523437500e+01 3.621531372070312500e+02
2.253725767135620117e+00 8.811954498291015625e+00 3.034862670898437500e+02
2.962201881408691406e+01 6.268559265136718750e+01 4.793791015625000000e+03
8.019663238525390625e+01 3.349134063720703125e+01 3.082085571289062500e+02
5.595159149169921875e+01 9.882321166992187500e+01 3.735817871093750000e+02
8.375452423095703125e+01 6.701142883300781250e+01 1.169379882812500000e+03
7.885249614715576172e+00 3.542301177978515625e+00 2.557407684326171875e+02
3.074332618713378906e+01 9.569624328613281250e+01 2.560511474609375000e+02
9.227188873291015625e+01 1.313525390625000000e+01 7.145786621093750000e+03
3.334556961059570312e+01 6.445798492431640625e+01 5.993782958984375000e+02
8.568995666503906250e+01 4.741530609130859375e+01 1.550729125976562500e+03
5.012216091156005859e+00 9.385373687744140625e+01 7.974058837890625000e+02
5.634188079833984375e+01 4.829383468627929688e+01 4.121576843261718750e+02
5.369485855102539062e+01 7.068460083007812500e+01 3.851020507812500000e+02
7.375566959381103516e+00 7.666445159912109375e+01 5.544641723632812500e+02
7.166101837158203125e+01 7.100382995605468750e+01 2.867170654296875000e+03
4.541368484497070312e+01 1.364135932922363281e+01 4.583858642578125000e+02
2.544946289062500000e+01 2.665367507934570312e+01 9.185125732421875000e+02
4.010185718536376953e+00 3.868559265136718750e+01 2.753203430175781250e+02
7.760526275634765625e+01 4.024283981323242188e+01 2.671063537597656250e+02
6.766622161865234375e+01 6.255192565917968750e+01 5.706211547851562500e+02
5.985427474975585938e+01 1.613239097595214844e+01 2.670717468261718750e+02
7.526247406005859375e+01 8.647725677490234375e+01 8.383857421875000000e+02
7.418141174316406250e+01 4.262595367431640625e+01 2.996478759765625000e+03
8.182466888427734375e+01 3.307085418701171875e+01 1.178360595703125000e+03
1.098233127593994141e+01 5.243754386901855469e+00 4.811577453613281250e+02
6.809962463378906250e+01 7.996028137207031250e+01 6.865272216796875000e+02
9.554961395263671875e+01 5.025274658203125000e+01 2.914284973144531250e+02
3.265726470947265625e+01 2.869612884521484375e+01 1.524296875000000000e+03
3.691472244262695312e+01 4.082405567169189453e+00 3.068882080078125000e+03
9.254018402099609375e+01 2.750185966491699219e+00 3.083409423828125000e+02
7.302195739746093750e+01 6.954392242431640625e+01 4.543461303710937500e+02
3.593730926513671875e+01 6.859631347656250000e+01 3.386170959472656250e+02
8.537720489501953125e+01 4.508420944213867188e+01 8.456614379882812500e+02
3.719227600097656250e+01 9.236943817138671875e+01 2.621556701660156250e+02
3.918942642211914062e+01 6.101642990112304688e+01 3.024235534667968750e+02
5.546649169921875000e+01 4.227201461791992188e+01 1.118786010742187500e+03
6.112860107421875000e+01 6.352732467651367188e+01 2.640973815917968750e+02
3.476238250732421875e+01 5.820674896240234375e+01 3.233316345214843750e+02
2.864701843261718750e+01 4.092830276489257812e+01 5.155874023437500000e+02
6.083847808837890625e+01 5.444864654541015625e+01 3.158050231933593750e+02
9.765795135498046875e+01 4.495401382446289062e+01 4.446487731933593750e+02
6.127951431274414062e+01 9.010451507568359375e+01 3.393673095703125000e+02
2.418065643310546875e+01 4.657535934448242188e+01 2.801083740234375000e+03
1.904306411743164062e+01 8.713568878173828125e+01 4.450171508789062500e+02
4.508629226684570312e+01 9.349012756347656250e+01 5.880967407226562500e+02
7.920307159423828125e+01 6.492301177978515625e+01 6.574144287109375000e+02
1.688447380065917969e+01 8.923075866699218750e+01 5.380203857421875000e+02
1.541069298982620239e-01 9.017716979980468750e+01 3.166612060546875000e+03
1.445993614196777344e+01 8.205116271972656250e+01 2.809632873535156250e+02
3.858291244506835938e+01 2.497890090942382812e+01 2.706422424316406250e+02
7.211853981018066406e+00 3.448973846435546875e+01 2.756521301269531250e+02
9.402263641357421875e+01 5.529944992065429688e+01 5.511961669921875000e+02
5.765049362182617188e+01 2.978570175170898438e+01 3.558687744140625000e+02
3.331324386596679688e+01 3.823031997680664062e+01 1.752966064453125000e+03
9.405635070800781250e+01 4.455844116210937500e+01 3.797066406250000000e+03
8.318908691406250000e+01 9.392976379394531250e+01 5.360312500000000000e+02
2.902393150329589844e+01 5.030027389526367188e+01 3.309024047851562500e+02
4.906300354003906250e+01 2.667732954025268555e+00 8.717568969726562500e+02
5.187017822265625000e+01 8.144952392578125000e+01 3.871716613769531250e+02
1.603993988037109375e+01 4.454169082641601562e+01 8.496388549804687500e+02
1.571677589416503906e+01 1.961336898803710938e+01 7.896824340820312500e+02
6.469842529296875000e+01 6.500507354736328125e+01 5.108529968261718750e+02
6.969449615478515625e+01 2.541093444824218750e+01 2.778375549316406250e+02
5.105711746215820312e+01 3.268765258789062500e+01 3.435593872070312500e+02
8.706685638427734375e+01 6.295152664184570312e+01 2.809557800292968750e+02
5.192215347290039062e+01 1.670330047607421875e+01 3.601535888671875000e+03
4.797178649902343750e+01 7.682481384277343750e+01 2.976909484863281250e+02
7.431240081787109375e+01 6.239618682861328125e+01 6.166672973632812500e+02
3.465329742431640625e+01 4.260257339477539062e+01 4.674234008789062500e+02
3.812372446060180664e+00 7.819677734375000000e+01 2.604939270019531250e+02
5.404896163940429688e+01 7.516709136962890625e+01 4.739416992187500000e+03
5.010516357421875000e+01 1.776550865173339844e+01 2.732058837890625000e+03
6.241550064086914062e+01 5.057678985595703125e+01 5.745422363281250000e+02
2.355056381225585938e+01 7.886392211914062500e+01 8.049031250000000000e+03
3.333879470825195312e+01 9.257758331298828125e+01 4.227627258300781250e+02
4.949397659301757812e+01 9.853466796875000000e+01 4.746673278808593750e+02
2.194197845458984375e+01 3.888084793090820312e+01 2.541087799072265625e+02
9.831345367431640625e+01 1.742071723937988281e+01 6.883623657226562500e+02
4.479830932617187500e+01 4.018864822387695312e+01 6.862451782226562500e+02
2.164880752563476562e+00 6.027573013305664062e+01 5.365158691406250000e+02
9.811194610595703125e+01 4.254026794433593750e+01 3.975386657714843750e+02
3.686004638671875000e+01 5.365175247192382812e+01 3.944525756835937500e+02
1.659202003479003906e+01 1.102442860603332520e+00 4.331609191894531250e+02
6.042111968994140625e+01 5.980171203613281250e+01 2.509298339843750000e+03
5.903525924682617188e+01 5.169968795776367188e+01 4.707799987792968750e+02
5.309622573852539062e+01 3.133701515197753906e+01 3.644229736328125000e+02
5.311002731323242188e+01 2.946266746520996094e+01 4.965671081542968750e+02
9.072719573974609375e+01 5.068851470947265625e+01 9.496093750000000000e+03
1.891072273254394531e+01 1.826691246032714844e+01 2.747216491699218750e+02
5.395428657531738281e+00 7.585384368896484375e+01 4.896329040527343750e+02
1.001627540588378906e+01 9.088990211486816406e+00 8.798599853515625000e+02
2.313264656066894531e+01 1.170237421989440918e+00 2.833554382324218750e+02
4.409417724609375000e+01 2.629680824279785156e+01 2.569093627929687500e+02
3.630657958984375000e+01 5.551318359375000000e+01 3.459699951171875000e+03
3.752058792114257812e+01 1.684200668334960938e+01 2.832989501953125000e+03
8.669854736328125000e+01 6.462477111816406250e+01 8.916931762695312500e+02
4.712040328979492188e+01 6.014784622192382812e+01 9.726271972656250000e+02
4.407493209838867188e+01 3.679689788818359375e+01 2.618096618652343750e+02
5.785898590087890625e+01 8.053537750244140625e+01 5.103879089355468750e+02
8.987925720214843750e+01 5.505044937133789062e+01 2.743160705566406250e+02
9.890826416015625000e+01 4.702376937866210938e+01 5.191588745117187500e+02
2.362602043151855469e+01 5.011111450195312500e+01 6.643292846679687500e+02
2.764076805114746094e+01 7.520319366455078125e+01 2.659737243652343750e+02
2.427270507812500000e+01 2.991702270507812500e+01 8.999812622070312500e+02
1.837818336486816406e+01 6.795774078369140625e+01 1.010840759277343750e+03
1.121658563613891602e+00 6.356980133056640625e+01 1.069887084960937500e+03
8.897604370117187500e+01 8.090280151367187500e+01 3.745244750976562500e+02
7.560773468017578125e+01 7.236449432373046875e+01 2.950568542480468750e+02
7.555990600585937500e+01 3.184470558166503906e+01 3.101140441894531250e+02
8.200446319580078125e+01 4.056363296508789062e+01 4.827765197753906250e+02
1.575695419311523438e+01 1.938380622863769531e+01 3.606242065429687500e+02
5.578725433349609375e+01 4.454114437103271484e+00 3.699070129394531250e+02
9.078830718994140625e+01 3.397587966918945312e+01 4.281955566406250000e+02
4.520863723754882812e+01 4.904192352294921875e+01 6.658668823242187500e+02
7.950077819824218750e+01 1.913498044013977051e-01 3.758155517578125000e+02
6.465565204620361328e+00 1.790309143066406250e+01 2.986466552734375000e+03
5.411636734008789062e+01 2.374441337585449219e+01 1.060719238281250000e+03
9.074232482910156250e+01 1.908771705627441406e+01 4.081763916015625000e+02
4.339405441284179688e+01 7.175231170654296875e+01 1.385629028320312500e+03
2.979813098907470703e+00 4.675232315063476562e+01 1.507793457031250000e+03
6.654022216796875000e+01 3.779682922363281250e+01 2.778787231445312500e+02
9.382943725585937500e+01 6.541335296630859375e+01 4.752524414062500000e+02
1.963918685913085938e+01 9.084104919433593750e+01 8.549595947265625000e+02
9.079583740234375000e+01 5.099887084960937500e+01 2.821575927734375000e+03
8.854164886474609375e+01 4.727053451538085938e+01 2.833041687011718750e+02
5.197133636474609375e+01 9.109789276123046875e+01 4.852356262207031250e+02
2.656498718261718750e+01 2.458137035369873047e+00 2.809552001953125000e+02
2.162156295776367188e+01 3.421877384185791016e+00 3.376794433593750000e+03
4.617704010009765625e+01 5.503193283081054688e+01 6.062793579101562500e+02
2.986472511291503906e+01 4.792079162597656250e+01 8.475033203125000000e+03
4.991902160644531250e+01 3.485117340087890625e+01 2.152156494140625000e+03
6.208698654174804688e+01 5.771780014038085938e+01 7.302037597656250000e+03
9.676705169677734375e+01 8.903046417236328125e+01 3.969516601562500000e+02
4.180991363525390625e+01 8.226879882812500000e+01 7.392071533203125000e+02
7.008780670166015625e+01 4.922930145263671875e+01 3.027202758789062500e+02
7.354569911956787109e+00 6.781400299072265625e+01 4.806846313476562500e+02
9.799904632568359375e+01 7.254030609130859375e+01 2.656650085449218750e+02
7.580899810791015625e+01 3.490194320678710938e+01 5.554423217773437500e+02
9.413703155517578125e+01 4.137515258789062500e+01 2.816806030273437500e+02
6.499073791503906250e+01 1.606932640075683594e+01 2.903789648437500000e+04
6.043536758422851562e+01 9.397763061523437500e+01 1.061474853515625000e+03
7.322394561767578125e+01 7.085250091552734375e+01 1.075362548828125000e+03
4.058108901977539062e+01 2.767750167846679688e+01 2.200657470703125000e+03
3.888686752319335938e+01 3.184165954589843750e+01 8.507240600585937500e+02
4.828885269165039062e+01 5.982036590576171875e+01 1.074174194335937500e+03
3.682491683959960938e+01 5.790462493896484375e+01 1.785234619140625000e+03
5.132534408569335938e+01 4.750305557250976562e+01 3.091385192871093750e+02
9.049547576904296875e+01 6.545879364013671875e+00 4.018446350097656250e+02
1.912367057800292969e+01 3.350711464881896973e-01 5.597226562500000000e+02
6.059021759033203125e+01 2.470894622802734375e+01 2.887071228027343750e+02
9.489694976806640625e+01 1.865629577636718750e+01 4.495085449218750000e+02
9.146801757812500000e+01 3.688474655151367188e+01 7.277620849609375000e+02
8.672283935546875000e+01 3.748698043823242188e+01 4.364373168945312500e+02
6.075883102416992188e+01 3.245061492919921875e+01 1.905034301757812500e+03
5.725160598754882812e+00 4.865939331054687500e+01 6.221328125000000000e+02
9.149775695800781250e+01 8.051930427551269531e+00 8.907238159179687500e+02
4.631769561767578125e+01 2.516936683654785156e+01 6.393341674804687500e+02
5.541744232177734375e+01 5.887866592407226562e+01 3.754262390136718750e+02
2.362525558471679688e+01 3.333293914794921875e+01 2.145937011718750000e+03
6.715029144287109375e+01 7.757449340820312500e+01 3.580441284179687500e+02
7.101927185058593750e+01 8.949415588378906250e+01 4.721148681640625000e+02
2.060330581665039062e+01 1.857364845275878906e+01 3.587312927246093750e+02
6.054917526245117188e+01 6.670337677001953125e+01 2.377327636718750000e+03
1.538813781738281250e+01 8.446444702148437500e+01 3.941599365234375000e+03
9.847624969482421875e+01 8.173605346679687500e+01 4.445142822265625000e+02
5.670668792724609375e+01 5.317740631103515625e+01 2.673775634765625000e+02
5.350864410400390625e+01 8.276384735107421875e+01 4.734689941406250000e+03
3.969618988037109375e+01 1.420965194702148438e+01 4.435188903808593750e+02
5.859109115600585938e+01 1.757083511352539062e+01 9.430590209960937500e+02
5.353436660766601562e+01 7.783872985839843750e+01 3.265669860839843750e+02
9.799596405029296875e+01 8.767745971679687500e+00 5.201071777343750000e+02
4.134708404541015625e+01 7.996745300292968750e+01 2.664093933105468750e+02
3.799993896484375000e+01 8.382398986816406250e+01 6.444299926757812500e+02
5.641059494018554688e+01 5.692003631591796875e+01 3.932146911621093750e+02
2.175866317749023438e+01 9.815493774414062500e+01 4.281219482421875000e+02
4.578485870361328125e+01 4.621515655517578125e+01 2.596304016113281250e+02
8.982745361328125000e+01 9.421319580078125000e+01 2.676109924316406250e+02
9.863798522949218750e+01 3.766318321228027344e+00 4.995536804199218750e+02
8.169678497314453125e+01 6.800339508056640625e+01 5.044389953613281250e+02
4.020529937744140625e+01 2.992825126647949219e+01 4.622560424804687500e+02
2.795146942138671875e+01 6.217879104614257812e+01 4.493636474609375000e+02
6.190759658813476562e+01 1.042158031463623047e+01 6.272169799804687500e+02
7.116343688964843750e+01 6.919142150878906250e+01 3.484846801757812500e+02
2.041191291809082031e+01 9.709587097167968750e+00 2.823385498046875000e+03
8.129074096679687500e+00 7.690000152587890625e+01 1.447730957031250000e+03
2.873160552978515625e+01 5.790883636474609375e+01 2.695902404785156250e+02
5.572704792022705078e+00 5.194425201416015625e+01 6.633370117187500000e+03
4.621528244018554688e+01 2.971721076965332031e+01 2.562807922363281250e+02
3.344836425781250000e+01 2.601855468750000000e+01 3.788995971679687500e+02
9.660847473144531250e+01 9.620849609375000000e+01 2.785860839843750000e+03
6.843690872192382812e+00 2.599305915832519531e+01 5.057364807128906250e+02
5.230838012695312500e+01 3.280535888671875000e+01 5.615261230468750000e+02
5.768680953979492188e+01 7.530622100830078125e+01 3.406197814941406250e+02
3.441562652587890625e+01 9.103038024902343750e+01 3.442765808105468750e+02
4.582656097412109375e+01 1.433130836486816406e+01 6.104604003906250000e+03
7.807434844970703125e+01 6.334787368774414062e+01 3.378454589843750000e+03
1.691693115234375000e+01 7.991372680664062500e+01 3.899306945800781250e+02
4.491146087646484375e+00 7.716789245605468750e+01 6.552326660156250000e+02
8.217023468017578125e+01 3.575273990631103516e+00 3.869444885253906250e+02
5.122534179687500000e+01 7.737183380126953125e+01 1.497518920898437500e+03
5.836315155029296875e+01 3.727170562744140625e+01 3.349486999511718750e+02
7.709664916992187500e+01 9.331189727783203125e+01 1.025687622070312500e+03
9.658396911621093750e+01 8.474652862548828125e+01 3.777708129882812500e+02
5.213962936401367188e+01 8.138880920410156250e+01 1.308702392578125000e+03
3.753243637084960938e+01 9.191899871826171875e+01 3.019099853515625000e+03
7.219297790527343750e+01 7.515549468994140625e+01 3.857968139648437500e+02
5.328356552124023438e+01 7.064707183837890625e+01 8.365000000000000000e+02
7.946220397949218750e+01 5.937682723999023438e+01 7.474804077148437500e+02
1.390729427337646484e+01 2.289009332656860352e+00 3.189807434082031250e+02
3.485707473754882812e+01 7.354064941406250000e+01 3.283683203125000000e+04
4.545822906494140625e+01 7.650638222694396973e-01 7.889992065429687500e+02
1.031912326812744141e+00 8.775975036621093750e+01 2.979075012207031250e+02
3.321042633056640625e+01 4.472886276245117188e+01 5.082900390625000000e+02
8.815361785888671875e+01 7.864437103271484375e+01 3.493264160156250000e+02
7.188143157958984375e+01 8.023143005371093750e+01 1.773947875976562500e+03
6.373236465454101562e+01 4.493086242675781250e+01 2.911379699707031250e+02
4.238962936401367188e+01 2.700382804870605469e+01 2.715963439941406250e+02
1.070057010650634766e+01 6.442344665527343750e+01 3.316220703125000000e+02
2.759332847595214844e+01 9.819218635559082031e+00 8.716744995117187500e+02
9.532305145263671875e+01 4.945136010646820068e-01 2.677704467773437500e+02
1.152618217468261719e+01 2.907286262512207031e+01 3.207834167480468750e+02
7.058409881591796875e+01 4.294493484497070312e+01 4.462077026367187500e+02
4.611895370483398438e+01 7.922948455810546875e+01 3.594053955078125000e+02
6.611662292480468750e+01 3.241218566894531250e+01 6.087933349609375000e+02
1.469276714324951172e+01 8.872482776641845703e-01 3.166525268554687500e+02
7.017384338378906250e+01 8.200687408447265625e+01 5.831964111328125000e+02
8.182813262939453125e+01 8.019820213317871094e+00 1.796057006835937500e+03
9.751255798339843750e+01 9.725369262695312500e+01 3.019342956542968750e+02
5.499219894409179688e+01 9.880379486083984375e+01 5.516834106445312500e+02
2.922824859619140625e+00 8.419834899902343750e+01 5.643004760742187500e+02
4.511540222167968750e+01 8.980793762207031250e+01 6.873909912109375000e+02
4.976951980590820312e+01 7.876470184326171875e+01 2.275620849609375000e+03
1.679718971252441406e+01 6.594061279296875000e+01 7.338870849609375000e+02
3.420877456665039062e+01 5.710717773437500000e+01 3.408929138183593750e+02
2.081882095336914062e+01 1.032711601257324219e+01 4.808573913574218750e+02
5.069472122192382812e+01 5.881942749023437500e+01 7.470237426757812500e+02
2.021383285522460938e+01 5.087221527099609375e+01 4.678796386718750000e+02
7.689553070068359375e+01 3.139645195007324219e+01 3.197754516601562500e+02
7.726835632324218750e+01 9.130564117431640625e+01 2.987002197265625000e+03
5.679873657226562500e+01 6.277006912231445312e+01 5.622783203125000000e+02
7.298973846435546875e+01 3.471487998962402344e+00 4.068206787109375000e+02
9.071902465820312500e+01 8.481349945068359375e+01 1.104893188476562500e+03
6.966001129150390625e+01 7.160494232177734375e+01 3.732691345214843750e+02
6.954126834869384766e+00 1.444974422454833984e+01 3.524505310058593750e+02
2.885364532470703125e+01 3.091215515136718750e+01 6.144660034179687500e+02
5.228475332260131836e-01 9.738320922851562500e+01 1.467745605468750000e+03
4.904032051563262939e-01 9.346067810058593750e+01 6.007672119140625000e+02
6.833891296386718750e+01 6.959464073181152344e+00 3.726039733886718750e+02
9.128446960449218750e+01 6.179690551757812500e+01 1.893041015625000000e+03
6.948712158203125000e+01 2.448226547241210938e+01 1.049337280273437500e+03
1.011006069183349609e+01 7.545127105712890625e+01 3.536595458984375000e+02
8.487189483642578125e+01 5.056198120117187500e+01 3.349490051269531250e+02
4.032638931274414062e+01 2.213669013977050781e+01 4.808467712402343750e+02
9.152364349365234375e+01 4.418590545654296875e+01 7.488005371093750000e+02
6.594856739044189453e+00 4.482608413696289062e+01 1.809456909179687500e+03
2.874427795410156250e+01 4.210168838500976562e+01 1.822563964843750000e+03
2.200586891174316406e+01 4.166155242919921875e+01 3.687022094726562500e+02
3.763384246826171875e+01 6.675692749023437500e+01 7.151089355468750000e+03
4.149382114410400391e+00 1.726696014404296875e+01 1.110665283203125000e+03
4.117291641235351562e+01 2.195355987548828125e+01 2.556879577636718750e+02
1.680401802062988281e+01 1.651919555664062500e+01 1.570344482421875000e+03
5.661801147460937500e+01 7.894857788085937500e+01 4.264069213867187500e+02
3.599232482910156250e+01 9.235381317138671875e+01 2.924457702636718750e+02
4.199583053588867188e+01 8.179514884948730469e+00 5.948519042968750000e+03
2.993586158752441406e+01 7.039006805419921875e+01 1.009545898437500000e+03
7.891005706787109375e+01 9.035545349121093750e+01 4.428851318359375000e+02
5.430153274536132812e+01 8.347280883789062500e+01 6.902966918945312500e+02
4.967147445678710938e+01 3.505203628540039062e+01 3.704949951171875000e+02
5.035491180419921875e+01 8.963428497314453125e+00 1.186089477539062500e+03
3.820288085937500000e+01 3.793652725219726562e+01 4.974221191406250000e+02
5.932411575317382812e+01 6.163175582885742188e+01 3.099276733398437500e+02
8.423762512207031250e+01 8.859165954589843750e+01 7.291459960937500000e+02
5.911714553833007812e+01 3.456710052490234375e+01 2.899796142578125000e+02
8.034455871582031250e+01 6.915304565429687500e+01 1.119822998046875000e+03
3.083180665969848633e+00 2.653565025329589844e+01 2.649924011230468750e+02
3.415113830566406250e+01 7.140402984619140625e+01 4.928714599609375000e+02
4.922142028808593750e+01 6.442445373535156250e+01 2.511478118896484375e+02
6.183497619628906250e+01 2.627351570129394531e+01 1.041466186523437500e+03
7.500963211059570312e+00 6.280519485473632812e+01 3.650096130371093750e+02
4.755641174316406250e+01 5.052128219604492188e+01 4.863860778808593750e+02
4.923601150512695312e+01 6.922362518310546875e+01 3.853068847656250000e+02
6.315038299560546875e+01 3.974541854858398438e+01 2.728190917968750000e+03
3.263044738769531250e+01 2.375424957275390625e+01 2.761957397460937500e+02
9.288282775878906250e+01 5.246686172485351562e+01 2.142757812500000000e+03
2.582846641540527344e+01 2.185022544860839844e+01 5.936545410156250000e+02
5.321184158325195312e+01 5.678668212890625000e+01 3.396612854003906250e+02
4.180149841308593750e+01 1.272653102874755859e+01 8.408922119140625000e+02
8.321624755859375000e+01 4.219580078125000000e+01 5.911333007812500000e+02
2.615997791290283203e+00 9.873432159423828125e+01 1.317104614257812500e+03
3.128710746765136719e+01 8.944402933120727539e-01 4.318397827148437500e+02
2.707707977294921875e+01 3.441067886352539062e+01 2.681031982421875000e+03
4.152876663208007812e+01 7.821372222900390625e+01 3.013506774902343750e+02
6.787007904052734375e+01 1.266617774963378906e+01 4.887323608398437500e+02
9.492585754394531250e+01 5.594416427612304688e+01 3.155291442871093750e+02
4.671496963500976562e+01 2.235947608947753906e+01 1.793726196289062500e+03
8.102761077880859375e+01 5.621753692626953125e+01 3.577451782226562500e+02
6.624547576904296875e+01 6.766011810302734375e+01 3.173567810058593750e+02
9.245500183105468750e+01 8.690962219238281250e+01 4.864539489746093750e+02
3.275680923461914062e+01 8.292784690856933594e+00 5.787425537109375000e+02
9.784879302978515625e+01 6.894242095947265625e+01 4.129376525878906250e+02
6.974208068847656250e+01 6.194152832031250000e+01 4.449224121093750000e+03
1.294121360778808594e+01 1.216501331329345703e+01 2.668257324218750000e+03
6.512455749511718750e+01 1.507834243774414062e+01 6.329023437500000000e+02
3.523139953613281250e+01 8.287446594238281250e+01 5.006671447753906250e+02
8.245494079589843750e+01 1.314350008964538574e+00 7.911910400390625000e+02
2.647428131103515625e+01 3.241194152832031250e+01 1.296226562500000000e+03
4.794548511505126953e+00 6.449355316162109375e+01 2.706092224121093750e+02
2.242541611194610596e-01 9.842943191528320312e+00 3.199636230468750000e+02
9.318061065673828125e+01 8.694911956787109375e+01 3.285369567871093750e+02
2.106560707092285156e+00 8.593370819091796875e+01 2.639408874511718750e+02
1.259854125976562500e+01 5.886824417114257812e+01 1.298862060546875000e+03
1.845483660697937012e+00 8.799474334716796875e+01 2.877720642089843750e+02
7.206119537353515625e+01 2.682445716857910156e+01 3.253994140625000000e+02
5.164112091064453125e+01 8.643949890136718750e+01 4.309440307617187500e+02
7.129762268066406250e+01 3.076795196533203125e+01 2.789547119140625000e+02
7.497644805908203125e+01 5.519646835327148438e+01 2.913814392089843750e+02
5.420450973510742188e+01 5.272480010986328125e+01 3.481805419921875000e+02
2.309657669067382812e+01 3.812868881225585938e+01 2.875986328125000000e+02
4.718513488769531250e+00 1.573070812225341797e+01 3.505290527343750000e+03
5.411903762817382812e+01 2.990509986877441406e+00 9.440910034179687500e+02
2.496900558471679688e+00 8.005968475341796875e+01 3.606316528320312500e+02
7.545830535888671875e+01 9.788169860839843750e+01 3.006663818359375000e+02
3.956093978881835938e+01 4.666014099121093750e+01 4.914378662109375000e+02
1.833178138732910156e+01 7.234860229492187500e+01 8.154623413085937500e+02
4.713217926025390625e+01 5.018624877929687500e+01 3.663841796875000000e+03
3.414025115966796875e+01 5.314117431640625000e+01 9.303189086914062500e+02
7.682493591308593750e+01 6.689952087402343750e+01 1.289441406250000000e+03
3.612125015258789062e+01 8.309545898437500000e+01 1.487954711914062500e+03
4.220494842529296875e+01 1.314689350128173828e+01 1.404984130859375000e+03
5.210472583770751953e+00 7.379088592529296875e+01 3.973385620117187500e+02
1.549696350097656250e+01 9.107096099853515625e+01 3.011716918945312500e+02
8.871218872070312500e+01 5.842198181152343750e+01 4.233742065429687500e+02
1.293089294433593750e+01 8.938696289062500000e+01 2.765929260253906250e+02
6.825521087646484375e+01 1.364585781097412109e+01 3.266446228027343750e+02
2.978752136230468750e+01 2.828990364074707031e+01 1.332123046875000000e+03
9.248211669921875000e+01 5.898286437988281250e+01 1.032300048828125000e+03
3.353289794921875000e+01 2.956617164611816406e+01 2.609754638671875000e+02
6.043424987792968750e+01 5.060299682617187500e+01 5.284589233398437500e+02
7.003768157958984375e+01 4.394316482543945312e+01 2.996980285644531250e+02
9.394552612304687500e+01 3.347776412963867188e+01 5.905915527343750000e+02
2.338083648681640625e+01 4.438454055786132812e+01 3.176238281250000000e+03
5.479915618896484375e+01 7.832983398437500000e+01 2.724548034667968750e+02
7.974575805664062500e+01 7.451053619384765625e+01 7.252312622070312500e+02
5.243010330200195312e+01 8.978871154785156250e+01 1.978866455078125000e+03
9.029519653320312500e+01 2.139727020263671875e+01 7.203887329101562500e+02
5.338037872314453125e+01 6.178689575195312500e+01 1.235557324218750000e+04
5.214120864868164062e+01 9.404070281982421875e+01 3.231357116699218750e+02
3.044094657897949219e+01 5.321195125579833984e+00 5.842529907226562500e+02
6.345900344848632812e+01 7.623958587646484375e+01 1.664427001953125000e+03
1.587846088409423828e+01 2.788909912109375000e+01 5.894843750000000000e+02
3.370756912231445312e+01 3.821804285049438477e+00 1.056669189453125000e+03
1.918898820877075195e+00 7.790036773681640625e+01 2.928320007324218750e+02
3.201403808593750000e+01 1.904369354248046875e+01 2.821945800781250000e+03
2.577598190307617188e+01 3.428311157226562500e+01 3.779060668945312500e+02
9.745489501953125000e+01 1.038894367218017578e+01 5.035210876464843750e+02
4.536947631835937500e+01 2.081072425842285156e+01 4.993067626953125000e+02
7.742459869384765625e+01 8.784992218017578125e+01 2.875907592773437500e+02
2.925770759582519531e+01 7.184343719482421875e+01 4.153414001464843750e+02
9.485886383056640625e+01 6.138318252563476562e+01 2.461342529296875000e+03
5.322507858276367188e+01 2.001789855957031250e+01 3.928374023437500000e+02
2.582259559631347656e+01 7.654052257537841797e+00 4.038162841796875000e+02
3.394368362426757812e+01 8.689980316162109375e+01 7.326153564453125000e+02
1.474148559570312500e+01 3.295591735839843750e+01 4.708784790039062500e+02
7.519317626953125000e+01 7.646353149414062500e+01 3.520218200683593750e+02
3.029727745056152344e+01 2.165357780456542969e+01 4.175161437988281250e+02
3.374020385742187500e+01 8.191437530517578125e+01 2.544636383056640625e+02
3.151211547851562500e+01 8.068579101562500000e+01 4.578969726562500000e+02
9.069416809082031250e+01 6.683249664306640625e+01 2.990911376953125000e+03
7.284279632568359375e+01 1.564048290252685547e+01 6.845288085937500000e+02
1.760768699645996094e+01 5.018592834472656250e+01 8.504962158203125000e+02
5.943417358398437500e+01 3.105725860595703125e+01 1.118461669921875000e+03
9.141849517822265625e+01 7.544540405273437500e+01 4.512523193359375000e+02
4.088049316406250000e+01 3.033947181701660156e+01 4.570555114746093750e+02
9.774569702148437500e+01 3.974464797973632812e+01 7.241182861328125000e+02
6.784579753875732422e+00 9.230247497558593750e+01 8.195184936523437500e+02
5.662269592285156250e+01 5.200415039062500000e+01 3.832411499023437500e+02
1.328494453430175781e+01 2.312900543212890625e+01 3.883530578613281250e+02
6.738705444335937500e+01 8.794321441650390625e+01 2.055209472656250000e+03
9.105724334716796875e+01 5.182193756103515625e+01 4.797487182617187500e+02
9.876403045654296875e+01 6.535778045654296875e+01 2.664916076660156250e+02
3.341914749145507812e+01 6.752323913574218750e+01 6.157001953125000000e+02
1.388579177856445312e+01 9.472099304199218750e+01 4.612255371093750000e+03
5.976042175292968750e+01 1.480747985839843750e+01 5.380803222656250000e+02
5.527207946777343750e+01 5.144309997558593750e+01 4.069713745117187500e+02
4.073070144653320312e+01 1.749714279174804688e+01 5.077732238769531250e+02
7.105814933776855469e+00 3.433895874023437500e+01 2.200431445312500000e+04
1.786026573181152344e+01 8.071741485595703125e+01 2.623878784179687500e+02
2.677054595947265625e+01 1.058759689331054688e+01 6.546332397460937500e+02
6.520858764648437500e+01 5.022499084472656250e+01 7.029371337890625000e+02
5.898830795288085938e+01 1.960850524902343750e+01 2.784042053222656250e+02
1.663364410400390625e+01 4.792360687255859375e+01 1.118302612304687500e+03
1.123779964447021484e+01 4.382860565185546875e+01 3.756359558105468750e+02
7.368147277832031250e+01 4.569101333618164062e+01 3.105105895996093750e+02
7.981288909912109375e+01 2.235419273376464844e+01 1.072233032226562500e+03
6.130937194824218750e+01 6.030306339263916016e+00 6.413306884765625000e+02
7.554875946044921875e+01 6.516435241699218750e+01 8.688369140625000000e+03
7.300378417968750000e+01 7.697740173339843750e+01 5.501851196289062500e+02
1.496456050872802734e+01 6.492091369628906250e+01 3.170965576171875000e+02
4.430388641357421875e+01 9.722984313964843750e+00 3.293820495605468750e+02
8.860449981689453125e+01 9.695053863525390625e+01 1.173218139648437500e+03
9.534406280517578125e+01 6.139109039306640625e+01 3.609931335449218750e+02
8.442135620117187500e+01 8.775759887695312500e+01 3.140715942382812500e+02
6.562799072265625000e+01 3.249282455444335938e+01 8.572290649414062500e+02
3.510987091064453125e+01 1.533873939514160156e+01 4.487764282226562500e+02
6.431419849395751953e+00 1.004559516906738281e+01 4.952755737304687500e+02
4.716328430175781250e+01 2.093516921997070312e+01 7.833004150390625000e+02
4.183535385131835938e+01 8.191912841796875000e+01 5.922929687500000000e+02
7.398361206054687500e+01 2.321650123596191406e+01 5.595819824218750000e+03
1.321188735961914062e+01 9.292849731445312500e+01 2.947230957031250000e+03
8.762027740478515625e+01 4.735954666137695312e+01 3.525803527832031250e+02
2.699632072448730469e+01 9.005378723144531250e+01 3.203563232421875000e+02
5.709887695312500000e+01 6.994184875488281250e+01 3.324949645996093750e+02
8.601108551025390625e+01 1.793714904785156250e+01 3.707401733398437500e+02
8.661422729492187500e+00 1.680052375793457031e+01 1.032149169921875000e+03
6.858006286621093750e+01 4.429933547973632812e+01 5.443714355468750000e+03
4.082032012939453125e+01 7.298516082763671875e+01 1.908073120117187500e+03
8.165009307861328125e+01 3.717370986938476562e+01 4.319982604980468750e+02
3.216380310058593750e+01 3.646836519241333008e+00 1.166913330078125000e+03
7.592810821533203125e+01 7.144715881347656250e+01 4.676759033203125000e+02
7.196257781982421875e+01 4.698255157470703125e+01 2.522270050048828125e+02
1.314164447784423828e+01 7.477499389648437500e+01 1.501625732421875000e+03
9.385317993164062500e+01 5.405654144287109375e+01 4.563607788085937500e+02
5.938193130493164062e+01 3.620185613632202148e+00 2.599767150878906250e+02
1.652104377746582031e+01 1.632719612121582031e+01 1.673287109375000000e+03
8.952620697021484375e+01 5.910364532470703125e+01 2.716356506347656250e+02
8.412697601318359375e+01 8.223992156982421875e+01 6.720583496093750000e+02
4.039735031127929688e+01 4.280180358886718750e+01 9.596577148437500000e+02
8.626890563964843750e+01 6.859210968017578125e+01 2.618135498046875000e+03
3.747108459472656250e+01 3.575444412231445312e+01 2.598576416015625000e+03
7.385366058349609375e+01 7.605745697021484375e+01 2.537047576904296875e+02
5.137492370605468750e+01 8.402105331420898438e+00 3.528066711425781250e+02
7.803476715087890625e+01 9.523570251464843750e+01 8.450267333984375000e+02
3.285068511962890625e+01 8.600320816040039062e+00 5.336403808593750000e+03
1.203850460052490234e+01 1.720427894592285156e+01 4.624143981933593750e+02
9.278976440429687500e+01 4.530553817749023438e+01 9.337444458007812500e+02
3.686571884155273438e+01 6.509391784667968750e+01 2.679716796875000000e+02
6.063975906372070312e+01 3.502561950683593750e+01 4.169864501953125000e+02
6.174958419799804688e+01 2.866446876525878906e+01 6.432075195312500000e+02
9.711032867431640625e+01 2.540376663208007812e+01 3.621647033691406250e+02
8.315547180175781250e+01 3.108486557006835938e+01 6.372157592773437500e+02
7.028923797607421875e+01 5.495425033569335938e+01 1.096270019531250000e+03
9.214168548583984375e+01 9.057783126831054688e+00 4.555694885253906250e+02
7.058040618896484375e+01 9.451036071777343750e+01 5.364483642578125000e+02
2.103114891052246094e+01 4.200891113281250000e+01 3.636322021484375000e+02
1.091219043731689453e+01 7.353176593780517578e+00 6.112703857421875000e+02
1.731726074218750000e+01 9.739831542968750000e+01 3.893512573242187500e+02
3.179383468627929688e+01 6.480047607421875000e+01 9.474862670898437500e+02
1.759718513488769531e+01 6.246078109741210938e+01 2.578080444335937500e+02
9.437538146972656250e+01 3.231313323974609375e+01 1.143750122070312500e+03
4.058511352539062500e+01 8.638592529296875000e+01 1.018529174804687500e+03
2.646669578552246094e+01 5.828309249877929688e+01 2.797603759765625000e+02
4.741876983642578125e+01 4.670640945434570312e+01 2.732486267089843750e+02
6.646561431884765625e+01 1.442855644226074219e+01 2.588042297363281250e+02
5.175530242919921875e+01 4.076247406005859375e+01 2.749175415039062500e+02
3.714878463745117188e+01 6.731791687011718750e+01 2.867238769531250000e+02
7.275321197509765625e+01 1.493149471282958984e+01 1.780386840820312500e+03
4.804164505004882812e+01 9.706272125244140625e+01 2.951995849609375000e+02
