2.904135131835937500e+01 3.857620239257812500e+01 3.114183959960937500e+02
7.906791687011718750e+01 9.720712280273437500e+01 3.497130737304687500e+02
5.621095275878906250e+01 7.959171295166015625e+01 5.472183837890625000e+02
1.114002037048339844e+01 2.860346412658691406e+01 7.652683715820312500e+02
9.339779663085937500e+01 2.726339149475097656e+01 3.220186767578125000e+02
8.013098144531250000e+01 8.596496582031250000e+01 3.039808654785156250e+02
6.154471588134765625e+01 2.086317443847656250e+01 1.530886718750000000e+03
3.943712234497070312e+01 8.298645019531250000e+01 4.653311157226562500e+02
2.336984825134277344e+01 7.210932922363281250e+01 3.350012451171875000e+03
7.657875823974609375e+01 2.985117912292480469e+01 7.659248657226562500e+02
5.550181579589843750e+01 2.769581031799316406e+01 2.669429931640625000e+02
3.990942382812500000e+01 8.077168273925781250e+01 4.361696166992187500e+02
8.741252899169921875e+01 5.632802200317382812e+01 3.582888427734375000e+03
3.899487686157226562e+01 5.571187973022460938e+01 5.997955932617187500e+02
3.288535308837890625e+01 4.769299697875976562e+01 2.574825927734375000e+03
5.006361007690429688e+01 7.014121246337890625e+01 7.400841064453125000e+02
7.089585876464843750e+01 8.689109802246093750e+01 5.336306762695312500e+02
7.535558319091796875e+01 9.245249176025390625e+01 7.614986572265625000e+02
3.575243377685546875e+01 2.899252700805664062e+01 1.130793579101562500e+03
8.701737976074218750e+01 6.991810607910156250e+01 3.228908081054687500e+02
5.133869647979736328e+00 1.238808512687683105e+00 2.964957580566406250e+02
5.167394256591796875e+01 4.421465301513671875e+01 4.391863403320312500e+02
3.216169738769531250e+01 8.076200103759765625e+01 3.041055603027343750e+02
6.061475372314453125e+01 1.264557361602783203e+01 2.248140625000000000e+03
4.489228725433349609e+00 1.868053245544433594e+01 4.095479736328125000e+02
5.809488296508789062e+00 7.173337554931640625e+01 2.827519531250000000e+02
2.481934928894042969e+01 5.825535202026367188e+01 1.350412109375000000e+03
5.293414688110351562e+01 7.718481445312500000e+01 3.347299804687500000e+02
4.186484527587890625e+01 6.828052520751953125e+01 5.624164428710937500e+02
3.396487045288085938e+01 9.189418792724609375e+01 3.530121582031250000e+03
7.782601165771484375e+01 4.605616378784179688e+01 5.196511230468750000e+02
5.740160751342773438e+01 8.364186096191406250e+01 8.533565063476562500e+02
3.254228591918945312e+01 3.549412155151367188e+01 8.743370361328125000e+02
2.242008209228515625e+00 8.352411651611328125e+01 1.855600097656250000e+03
2.696870994567871094e+01 4.643289947509765625e+01 7.126878662109375000e+02
6.931618499755859375e+01 3.373691940307617188e+01 5.632848510742187500e+02
1.349155157804489136e-01 1.827879905700683594e+01 1.125376831054687500e+03
6.470243072509765625e+01 3.576116943359375000e+01 7.041203002929687500e+02
3.387606811523437500e+01 3.360086822509765625e+01 2.327880126953125000e+03
8.318557739257812500e+01 5.648387527465820312e+01 4.485390930175781250e+02
5.216635131835937500e+01 2.945204353332519531e+01 3.084603271484375000e+02
7.648124694824218750e+01 3.076093912124633789e+00 9.785058593750000000e+02
2.550498199462890625e+01 8.264415740966796875e+01 3.638562011718750000e+02
3.187422943115234375e+01 8.497887420654296875e+01 9.509531860351562500e+02
3.265158843994140625e+01 4.260848999023437500e+01 1.934261718750000000e+03
2.962425804138183594e+01 4.058155059814453125e+00 5.613173217773437500e+02
2.523486137390136719e+01 2.897097349166870117e+00 3.505855712890625000e+02
7.820970058441162109e+00 7.907450866699218750e+01 3.730724182128906250e+02
1.043795680999755859e+01 5.902180099487304688e+01 3.648045959472656250e+02
1.227886962890625000e+01 2.857521057128906250e+01 1.634822753906250000e+03
3.297188282012939453e+00 9.221391296386718750e+01 3.759456481933593750e+02
5.978620529174804688e+01 2.487086296081542969e+01 4.328895874023437500e+02
5.518726348876953125e+01 3.932506561279296875e+01 5.263217163085937500e+02
4.675348281860351562e+01 1.286002445220947266e+01 2.828185119628906250e+02
3.455155944824218750e+01 8.452746582031250000e+01 2.917853698730468750e+02
4.873827457427978516e+00 7.298946380615234375e+01 5.256138916015625000e+02
1.692675018310546875e+01 9.204236602783203125e+01 3.600314636230468750e+02
3.910492324829101562e+01 1.426329231262207031e+01 3.103139038085937500e+02
2.836213302612304688e+01 7.187976837158203125e+01 3.067825927734375000e+02
8.489887237548828125e+01 2.594347190856933594e+01 3.262701721191406250e+02
