73.05 0.0920000000001 2406.90896487 2292.71000726 433.905747767
56.569 0.4 1321.47716972 1202.1236092 215.871546634
51.297 0.714 919.305089566 906.878543221 159.733277583
77.406 0.723 3024.5423123 2761.52593703 437.920628219
66.34 1.643 1951.01075974 1704.31209707 294.710360097
2.422 1.865 4167.34700396 3350.80478227 504.19136453
70.665 1.946 1358.50006807 1306.01789179 244.453017821
38.411 2.132 2909.7767172 2596.26564501 451.019587144
33.526 2.27 4461.28188107 4043.42252944 692.142318007
79.137 2.631 1461.0317861 1372.61622006 275.03971105
98.558 2.784 3882.0369477 3674.08438329 586.401946302
53.285 2.863 4469.50743969 4187.4451037 708.264383677
10.121 3.203 1666.70855467 1554.35110618 273.523977421
63.855 3.451 3211.14313553 2913.05796598 460.675804648
29.615 3.712 18683.5614397 12821.8037881 1730.59483446
19.085 3.793 11072.8563178 10913.1249224 1922.18597029
76.176 4.17 6808.62891 6503.52968047 1127.70473275
22.878 4.317 40203.1113263 28025.2261996 4240.28847105
39.914 5.211 1482.72177136 1451.9415267 197.968185755
9.097 5.603 1924.24188858 1732.80274233 293.626604583
95.05 5.708 926.103796393 933.144985471 188.362915156
26.98 5.725 1014.51778426 969.056561681 176.439331275
11.366 6.266 2195.1270653 2058.49173018 356.283248201
32.747 7.663 3027.32930198 2769.16686666 471.406322609
49.594 8.092 2369.51610326 2191.53861122 427.164746003
2.66 8.391 2626.99753042 2282.17596164 351.071361148
93.301 8.471 1915.40080018 1734.39944783 275.03971105
88.199 8.593 1386.30779276 1295.23665562 228.136830224
52.94 9.636 7674.66918739 7033.13779974 1096.97164802
67.766 9.703 1267.82603116 1204.34004351 238.888587789
63.161 9.875 27967.8875319 18825.6129994 2677.90646103
6.764 9.894 1206.3120457 1072.38103918 149.071768285
38.604 10.11 7752.8193502 7473.93173156 1301.95328909
26.354 10.299 1697.69498018 1468.0779866 277.073763056
88.92 10.415 2492.64060004 2244.6525528 331.280141568
49.731 10.829 1143.56186566 1146.96225635 174.178843683
4.733 10.928 4268.34646807 3922.37513012 658.560082397
21.454 11.107 3748.51855146 3353.89240921 560.52553657
79.373 11.163 2453.91584295 2050.92191906 370.335549453
35.576 11.909 919.305089566 823.282959914 117.759350887
74.056 12.048 2453.91584295 2339.64047872 381.76437858
10.379 12.332 5280.31297127 4277.09726484 583.170306964
59.875 12.352 1273.67805023 1279.82068929 209.216244973
22.733 12.607 2624.57909018 2493.15412206 442.379917285
13.966 12.916 2347.79224905 2169.4474091 361.572509172
4.973 13.432 1780.98255095 1542.94031451 205.776323237
95.039 13.445 2187.05479713 1915.79540199 320.475920097
72.45 13.515 2534.30957558 2261.25284666 349.458334764
33.493 13.58 2581.42590835 2322.46472611 346.573540566
0.324 13.604 2730.60992553 2280.07496759 368.97369304
51.694 13.609 840.736039441 811.239570781 146.755843552
38.242 13.921 2593.34122897 2350.43976849 375.833426149
18.123 13.968 17630.2984626 17472.2617261 3054.88877769
77.066 14.334 7458.64031927 6975.07893234 1216.17312764
87.056 14.584 1743.65140678 1573.07390424 304.365485786
64.76 15.049 2046.72580197 1781.34946056 297.985686149
92.866 15.277 1662.10962532 1547.20951155 267.790646103
27.781 15.555 1284.27983779 1169.36240348 163.153127441
39.958 16.153 1414.68472577 1316.88886835 256.681993227
13.494 16.164 2339.15857633 2098.69402749 310.309736894
50.502 16.694 1751.69973599 1609.71550255 236.698444052
72.386 16.817 3786.68923061 3391.16660337 555.898373172
55.095 16.828 1208.5362025 1132.26772124 195.251960418
64.649 16.834 2875.14442069 2792.21674085 474.455410023
89.181 17.086 3479.04194239 3011.26604168 490.902680023
35.044 17.407 1897.84030009 1608.23358233 267.29781156
77.184 17.829 3917.95699332 3388.04466143 532.83826203
95.703 17.857 819.331523507 801.584160045 143.151335187
86.816 18.427 4784.75455464 4532.61807793 786.675098323
62.867 18.568 1106.26625354 1043.15567869 194.53394905
48.336 18.604 1091.08771151 1014.72679041 161.955388823
80.535 18.717 3080.77275212 1822.84241979 212.322198802
67.943 18.997 895.900263895 746.017691307 148.386845725
39.15 19.394 2262.87031107 1989.52374395 370.676798226
1.635 19.517 3821.72703467 3381.80939718 538.760072993
21.614 19.613 1703.96105508 1660.92157528 227.926805173
8.588 20.145 775.28193502 743.274317147 2.59534682964e-30
74.036 20.411 1994.61768125 1673.20489556 345.617244265
61.112 20.5 2371.69951359 2079.45308499 310.595674383
37.059 21.32 4079.99531613 3560.81267018 497.731816564
90.332 21.594 910.876849844 828.608008796 147.569091331
66.431 21.734 1029.57897321 792.043668452 163.303466247
30.564 21.901 1286.64774893 1198.80660364 163.755314364
16.555 21.957 1473.19306077 1417.585057 143.283243175
57.316 22.489 3765.82092695 3372.47801022 553.344252152
46.323 22.745 801.419055482 795.699575917 203.889754566
16.547 23.65 1026.73806803 991.628788692 224.592579467
78.279 23.847 1084.07583698 869.258861265 118.085181943
81.581 24.191 1414.68472577 1396.84792371 240.877038526
30.28 24.979 4896.20580554 4437.60994949 773.740630589
77.134 25.615 1827.50958952 1723.2533308 274.280797205
56.438 25.635 1981.79927189 1841.40418817 311.455068697
0.505 25.998 1095.11484088 1031.6897757 180.216853599
96.06 26.458 785.343519753 789.858191658 104.953131952
59.468 26.904 2738.16531293 2316.05637646 451.435182895
68.944 27.369 1820.78918243 1702.74309029 319.297415393
36.643 27.481 3903.54926265 3583.84424311 581.025780943
5.472 27.504 1435.68665821 1285.72807319 164.662764742
19.772 28.141 2356.45778805 2173.44736188 346.892893638
1.037 28.283 2262.87031107 2037.74167055 369.313686919
34.036 28.429 524.154917396 418.359009979 2.59534682964e-30
10.977 28.491 1753.31385429 1735.99762463 320.771225299
65.605 28.839 1274.85169147 1263.42401193 222.328635751
89.486 29.014 2820.06854528 2434.16002865 453.936811799
26.523 29.781 937.259097338 924.589860822 94.6662999752
38.637 30.516 798.471950671 656.975428129 2.59534682964e-30
76.079 30.729 28019.4537643 18431.0096538 2600.13204117
18.932 31.208 2250.39971686 1987.69216846 324.635046576
71.438 31.251 1378.66790202 1395.56197152 245.807654673
59.874 31.781 191893.235053 203024.816482 37756.8194424
94.862 31.782 1545.46674523 1350.04774134 206.345690478
4.709 32.197 1448.9709033 1241.50686853 204.453901816
42.801 32.996 1452.98009421 1326.62789998 232.806661544
30.526 33.429 7590.31263908 7783.03756518 1406.68029257
81.094 34.034 1044.86375549 915.269787066 116.143632022
34.988 34.098 1998.29528896 1755.29100219 309.738651386
0.456 34.261 4461.28188107 4058.34652267 651.921648644
55.942 34.267 808.089873565 832.432689588 2.59534682964e-30
88.874 34.526 3434.46950445 3061.60477525 492.260969938
18.428 34.556 3058.15620436 2812.86653735 440.753127937
15.008 35.056 824.631014236 755.699485599 92.8528852105
25.393 35.085 2738.16531293 2387.53159026 390.297170729
83.156 35.146 4740.8876612 4376.72365841 726.098271797
9.776 35.358 1201.87600439 996.205939215 161.50850722
90.583 35.385 2273.31524585 2096.76194875 390.656813304
22.082 35.463 2005.67085883 1836.32322322 382.820691219
67.321 35.911 1289.02002595 1173.67843934 209.409029023
18.855 36.461 5304.68578855 5099.75281781 821.476989921
87.528 36.612 5183.93639804 4733.13755965 692.142318007
52.404 36.983 2131.37400428 2066.08948096 286.942847062
4.061 37.048 2612.52024463 2356.94325434 386.007197918
82.99 37.198 2367.334703 2189.52105883 383.526522888
71.701 37.812 1051.62200368 771.878824165 186.63599357
78.98 38.065 2086.69831096 2033.9914668 325.833252107
29.731 38.283 12355.4812084 12380.8119321 2158.71546634
37.954 38.793 1665.17416608 1620.12724936 217.468021378
68.741 39.033 849.297145693 828.608008796 120.059188368
84.48 39.037 1989.1139561 1797.83208418 289.864748927
15.017 39.478 1686.78474439 1496.74951674 309.168616887
25.609 39.537 2438.14575422 2400.762101 376.526374938
9.591 39.543 56579.5728641 59094.7808727 11071.2180171
20.26 40.215 1387.58521761 1180.18238059 191.864843207
87.808 40.399 4968.89322602 4392.87784309 718.117322722
96.466 40.416 623.246236268 614.82161388 2.59534682964e-30
50.269 41.062 2229.76792825 2017.20077618 371.702432383
44.555 41.823 677.734610175 598.06601802 2.59534682964e-30
52.445 42.331 976.022129302 1006.35017533 127.936776225
81.36 42.381 516.011837382 456.19353528 2.59534682964e-30
11.413 42.839 1780.98255095 1860.15496864 444.012711001
32.786 42.882 2033.57251981 1812.79680294 347.532482865
76.016 42.971 1224.22054758 1157.57496745 186.121011065
14.805 43.155 4244.82376927 3962.3161683 619.719844289
8.503 43.883 37141.5192681 37458.3916886 6341.54973838
85.599 43.933 20075.1900093 20528.1175812 3592.48863654
73.143 43.976 2683.24089602 2436.40300566 407.563612561
1.562 44.041 1858.05970268 1642.66546447 228.557461092
43.519 45.052 3075.10298264 2805.10502774 472.710667604
67.047 45.068 2546.00741709 2324.60478055 422.469541212
28.417 45.087 2888.41548436 2525.51019837 357.598265058
15.825 45.242 2740.68841814 2339.64047872 453.518913023
34.616 45.378 1253.89065164 1182.35836041 185.778479073
60.691 45.679 1138.30767615 1094.33206987 171.789020355
19.718 45.715 31035.5656021 20565.9666208 2949.8192341
54.88 45.78 1685.23187346 1541.51986821 251.765027882
31.189 46.004 4424.45379941 3826.03665646 635.324207043
75.946 46.662 2440.39240391 2081.36921433 390.297170729
3.558 47.206 4012.91226254 3633.70048279 596.754088422
96.997 47.522 734.276559807 705.909662551 2.59534682964e-30
13.57 47.531 3234.89109582 2956.30424231 419.368110719
68.121 47.575 1882.17354345 1843.10096538 309.738651386
52.875 47.842 1465.07434855 1232.39272684 202.579457178
83.481 48.144 2373.88493583 2316.05637646 389.937859244
38.938 49.047 5795.0830533 5039.05532489 834.440554658
32.75 49.085 4469.50743969 4168.20554108 708.264383677
72.246 49.149 1772.79967943 1715.33570095 255.032426549
93.366 49.211 910.876849844 822.525037375 2.59534682964e-30
8.522 49.667 13275.7683119 13217.4941419 2194.80228206
16.672 49.668 3821.72703467 3547.71828706 598.956666539
24.538 49.676 85321.7323202 89361.2276671 16527.0523632
57.208 50.201 2690.66521696 2527.83735076 394.634821061
34.764 50.48 3396.71934407 3188.2262016 435.507263908
84.631 50.54 996.918521027 798.636448085 119.397546642
80.575 50.582 978.722707377 945.255311942 159.14588113
10.883 50.981 1954.6079665 1875.638448 314.626575342
63.318 51.191 1397.84708301 1318.10232655 186.464174605
74.229 51.247 5539.36094245 5090.36737293 834.440554658
5.832 51.315 3734.73390661 3687.64517494 581.025780943
53.946 51.373 2341.31401346 2062.28710668 287.471902448
28.105 51.564 9083.63478048 7804.5726308 1404.09147683
67.686 51.622 6771.10680905 6337.95463891 1088.9185673
97.578 51.779 1615.32406984 1276.28929509 248.997738736
37.434 51.846 7282.15073933 7324.01333897 1317.63585168
92.532 52.014 4950.62082654 4495.20111278 726.098271797
83.628 52.374 8361.02774365 8255.60920468 1482.50239309
16.144 52.88 2061.86233156 1807.79477401 271.266024743
89.673 53.163 1452.98009421 1531.61329168 219.480228206
46.111 53.208 6568.40109037 6326.29044143 1078.93530187
19.008 53.212 1452.98009421 1286.91281802 175.9524843
96.294 54.172 14964.41227 15273.8712911 2758.00724751
26.701 54.308 13398.6074837 13562.7927858 2055.86883493
35.678 54.592 1915.40080018 1596.42722901 282.485007431
52.373 54.625 2102.13045663 1924.63831179 276.818686174
69.506 55.651 5935.53218851 5424.3677668 903.223863082
84.326 55.694 2598.12274263 2385.33360477 382.820691219
33.395 55.723 1992.78141623 1931.74201884 285.098809023
58.751 55.756 1689.89478028 1514.77847998 225.421535163
77.891 56.049 3270.84274366 3156.0881644 567.800019473
54.756 56.08 1278.37910793 1100.39631307 212.517844859
8.162 56.09 7710.09385082 7085.15126351 1078.93530187
40.772 57.193 2207.29136601 1991.35700715 295.253736957
37.284 57.573 1052.59102952 922.038650875 166.646195436
66.776 58.149 1371.07011444 1403.29548078 225.21400984
7.879 58.502 2094.40017028 2004.23723658 342.133344707
53.055 58.788 1273.67805023 1204.34004351 255.032426549
76.578 58.956 1393.99001997 1313.25519236 201.277580415
2.192 59.146 2033.57251981 1889.50970365 319.297415393
27.516 59.176 7681.74107516 5947.70098415 865.755786768
92.52 59.654 4706.08388928 4340.59360867 810.952474047
86.924 59.674 4432.61145568 3907.95115238 661.599857623
40.084 59.984 1133.07762746 987.072668266 163.604559581
35.945 60.01 1089.07970368 986.163959281 213.69551289
94.699 60.075 3734.73390661 3531.41800218 515.935490092
78.566 60.188 2098.26175353 2007.9325805 326.133493868
83.1 60.24 5951.95534902 5444.38873351 889.1917059
52.154 61.229 5398.33292176 5123.29220729 860.984638795
55.793 61.414 3092.14367153 2753.90609094 437.517474103
70.993 61.753 1024.84848752 864.468407977 119.068094393
85.027 62.008 8595.27278956 8700.59847074 1526.84658859
74.839 62.412 3734.73390661 3583.84424311 610.654276797
7.693 62.435 4098.82771884 3657.20349893 575.698904565
43.412 62.885 2453.91584295 2116.16304819 309.738651386
11.968 62.982 1875.25211743 1707.4544493 273.523977421
93.209 63.0 2165.00879286 2066.08948096 338.06125788
19.697 63.517 5736.6673127 5315.5612476 881.03954734
25.99 63.691 6520.18118942 5354.87240007 724.094757361
31.225 64.49 3276.8734114 2929.2006821 478.404661925
16.76 64.66 3243.84179038 2950.86354125 442.787551941
66.221 64.677 1609.38394488 1403.29548078 244.903731916
33.86 65.314 1084.07583698 1023.17313041 112.148999387
49.737 65.86 2718.06391255 2506.96994026 391.377092946
10.089 66.102 10564.760703 9789.24339199 1572.51719522
63.36 66.267 2447.14478178 2352.60560077 424.028847105
70.677 66.4 1317.83083328 1208.78517941 198.881965382
79.188 66.464 6220.99231029 5942.22547106 992.191273648
85.121 66.551 1385.03154392 1418.89130254 245.355277023
59.971 67.015 2177.00619311 1912.26962481 284.312139227
43.046 67.757 2983.04403605 2810.27698424 485.059933715
50.895 68.238 2059.96416044 1812.79680294 302.688138903
33.821 68.919 6295.9267201 6361.34759165 1146.55634775
2.333 69.45 1229.87129288 1336.43895646 206.345690478
22.725 69.585 7275.44671843 6778.74233853 1153.97235039
83.853 69.898 2442.6411238 2137.71166256 407.563612561
77.249 70.166 71032.9194487 51564.3000167 8222.33946727
17.009 70.222 29638.735053 30419.2937396 5574.36501164
37.39 70.231 1621.2861194 1455.9589371 248.997738736
44.003 70.384 2999.57458011 2639.66689976 474.018621621
68.695 70.4 1990.9468417 2085.20677155 344.029277271
52.362 71.366 1710.25025762 1491.24543286 298.810189597
58.751 71.498 58594.8793711 61256.0694672 11433.9266828
29.239 71.928 1732.44583204 1570.17886227 291.471034971
36.258 71.958 2298.58021668 2167.45019409 370.335549453
18.189 72.182 5246.37904305 5128.01310752 875.377547206
45.739 72.309 5990.45299166 5664.33755789 923.4117641
60.95 72.313 12040.9198217 10137.9262277 1925.73003089
93.279 72.416 1022.96238454 907.714193999 135.579929294
82.189 72.686 8185.772387 7337.51710373 1079.92949578
47.087 73.017 3903.54926265 3317.0279164 574.110385337
73.792 73.1 1409.48242352 1445.27046135 224.385817289
86.778 73.338 2980.29781583 2792.21674085 466.654440849
6.702 73.379 1721.31226991 1654.81377196 287.736795824
14.558 73.578 1412.0811789 1384.04154497 202.952966237
95.253 73.655 1283.09751691 1233.52832537 187.32485413
27.415 74.058 2531.97646481 2320.32664182 430.720361873
38.083 74.313 5260.89536988 5020.52491425 820.720729976
57.91 74.362 3553.52736754 3473.35462595 649.524299324
1.173 75.017 4714.76080545 4141.41857062 603.386241469
40.601 75.135 2548.3534568 2385.33360477 368.294643999
4.242 75.798 1927.78973981 1612.68344082 234.960795061
89.936 75.841 2044.8415657 1860.15496864 368.294643999
46.852 76.322 6616.97760087 6467.68897004 1199.48660677
8.608 76.489 1652.94980093 1435.98243158 135.704860547
25.579 76.665 1469.12809645 1425.44060722 231.31052967
97.665 76.677 3172.92396203 2823.24863343 467.084443466
85.965 76.814 3225.9650988 2926.50403062 485.506896226
21.45 77.178 5800.4229808 5796.2769289 1013.43384274
29.91 77.221 4510.86328284 4324.63169184 704.361164974
61.224 77.69 21118.3344995 20321.1895388 3405.61384777
15.367 77.721 14489.709033 14307.0181003 2619.36127819
51.029 77.994 5875.70068904 5199.35087592 788.125542906
94.701 78.468 5575.18989705 4587.21532602 763.124511149
68.39 78.477 117019.884337 123808.119321 24021.2389342
37.587 79.043 2167.00375823 1745.61765869 307.464800126
9.622 79.22 2402.47935578 2083.28710931 317.830377029
66.195 79.748 12152.3330811 13108.3831361 2250.06675567
1.973 79.769 7745.68202706 7283.65097358 1210.58531969
75.97 79.812 6858.98202169 6515.52066558 1112.23204376
15.007 80.348 5270.59522844 4528.44530433 767.353367044
32.128 80.451 2506.45357255 2328.89080717 359.911234395
80.063 81.328 2907.09794761 2828.45404249 455.612261213
5.442 81.383 2221.56827322 1879.09668588 306.33414197
83.898 81.531 1559.76677296 1247.23740387 236.698444052
49.333 82.15 3365.57803394 2972.68660775 493.623018136
91.753 82.263 5789.7480418 5142.20192491 876.991538323
95.288 82.282 3537.20039235 3053.15692514 464.938385386
69.192 82.337 8407.36039441 8255.60920468 1458.1271721
30.959 83.25 6941.60127984 5997.20820638 990.365272105
56.427 83.293 6057.02916069 5499.82823918 981.285548714
25.969 83.397 1738.84016993 1596.42722901 286.414765334
44.954 83.421 59904.5299166 62798.4792151 11721.8295817
52.67 84.092 1671.3202089 1558.651876 239.329042379
5.858 84.837 5973.92360505 5509.96863397 887.55526193
38.883 85.109 2001.97967732 1880.82819516 263.145170051
76.355 85.788 1890.8612618 1671.66452638 253.393460809
56.463 85.827 1473.19306077 1445.27046135 184.075251739
46.841 86.256 10248.4848752 9557.60607202 1321.28164862
15.788 86.594 2553.05202356 2234.33931113 337.12844942
31.234 86.952 1544.04397307 1247.23740387 183.229502781
88.0 87.0 3717.574363 3208.8478605 474.018621621
41.316 87.29 2343.47143674 2069.89886593 332.19676821
70.521 87.43 4548.41061611 3637.04878633 486.850256423
62.518 87.895 12029.8348303 11954.9875065 2156.72813126
2.196 88.179 3217.06373118 2797.36493438 443.195562214
55.94 88.285 1978.15202299 1903.48354397 280.153081048
84.595 88.322 2352.12102792 2159.47970368 369.994614837
20.753 88.326 123554.812084 130842.588281 24603.4156181
93.625 89.136 2302.8182601 2009.78280668 338.06125788
64.388 89.849 2033.57251981 1965.84434071 292.008439275
89.583 90.404 2488.05321281 2240.52155595 403.083854706
10.587 90.983 7618.32795869 7398.59281867 1231.9565845
34.028 91.059 1450.30606959 1269.2557122 201.277580415
0.668 91.249 41673.4700396 43405.9360867 7939.54113388
24.087 91.943 2740.68841814 2418.51690066 417.441289274
6.709 92.194 3428.1488012 2975.42581456 502.33727236
95.915 92.229 3680.10037727 3298.7478988 566.755055927
16.254 92.768 25530.5202356 16639.8392555 2371.3486053
35.834 93.072 2492.64060004 2181.46940595 336.198214848
11.498 93.316 44530.7146054 46940.652972 8609.84638795
31.975 93.55 6827.46786191 5653.91306677 835.209456849
18.533 93.645 3184.63500519 3259.48604937 534.312584471
3.552 93.855 7824.55530442 7230.1802851 1097.98246167
49.652 94.093 4237.0117123 3557.53455037 550.801866252
97.111 94.498 3772.7642185 3419.39385271 577.823769452
85.989 94.739 1612.35127183 1483.02723469 246.942251255
67.575 94.876 2311.31780322 1960.4200095 342.764158441
55.471 95.173 3140.94017484 2686.26668864 415.140785839
42.458 95.417 1322.69485585 1233.52832537 168.033317998
90.527 95.621 2458.44028887 2346.11408376 350.425259067
72.145 95.925 1090.08324524 997.123901465 154.523808343
31.006 96.408 1659.05072446 1377.6824517 255.502646595
61.523 96.742 4523.3444942 3907.95115238 653.123639434
94.685 97.191 3038.50296531 2625.11979355 396.091390924
57.993 97.208 7342.76559807 7007.27443386 1067.07612518
68.689 97.841 5174.39602401 4655.31557803 699.834588361
17.73 98.166 1805.75848621 1473.49656104 246.487785525
75.696 98.254 8563.66489401 7790.2093099 1195.07566504
37.229 98.257 1947.42017317 1787.92429836 282.224948904
