72.05 0.0920000000001 2406.90896487 2292.71000726 1816.33400769
55.569 0.4 1321.47716972 1202.1236092 1250.82258533
50.297 0.714 919.305089566 906.878543221 865.357803653
76.406 0.723 3024.5423123 2761.52593703 2807.99101902
65.34 1.643 1951.01075974 1704.31209707 1919.53358191
1.422 1.865 4167.34700396 3350.80478227 3650.86449832
69.665 1.946 1358.50006807 1306.01789179 1198.93520945
37.411 2.132 2909.7767172 2596.26564501 2463.74476462
32.526 2.27 4461.28188107 4043.42252944 4021.5707587
78.137 2.631 1461.0317861 1372.61622006 1365.19822337
97.558 2.784 3882.0369477 3674.08438329 3256.83468375
52.285 2.863 4469.50743969 4187.4451037 4138.04981412
9.121 3.203 1666.70855467 1554.35110618 1498.28942559
62.855 3.451 3211.14313553 2913.05796598 2777.12683135
28.615 3.712 18683.5614397 12821.8037881 29295.1492148
18.085 3.793 11072.8563178 10913.1249224 7950.52329552
75.176 4.17 6808.62891 6503.52968047 5505.48665701
21.878 4.317 40203.1113263 28025.2261996 63037.0258371
38.914 5.211 1482.72177136 1451.9415267 1362.68575009
8.097 5.603 1924.24188858 1732.80274233 1801.34008914
94.05 5.708 926.103796393 933.144985471 700.157450258
25.98 5.725 1014.51778426 969.056561681 1461.48955011
10.366 6.266 2195.1270653 2058.49173018 1901.93519225
31.747 7.663 3027.32930198 2769.16686666 3113.11894536
48.594 8.092 2369.51610326 2191.53861122 2100.85323814
1.66 8.391 2626.99753042 2282.17596164 2500.32068867
92.301 8.471 1915.40080018 1734.39944783 1771.72255668
87.199 8.593 1386.30779276 1295.23665562 1263.55954979
51.94 9.636 7674.66918739 7033.13779974 6462.42795407
66.766 9.703 1267.82603116 1204.34004351 1237.07410011
62.161 9.875 27967.8875319 18825.6129994 46173.8103071
5.764 9.894 1206.3120457 1072.38103918 1079.4330582
37.604 10.11 7752.8193502 7473.93173156 6873.78136581
25.354 10.299 1697.69498018 1468.0779866 1395.7116849
87.92 10.415 2492.64060004 2244.6525528 2004.45224754
48.731 10.829 1143.56186566 1146.96225635 807.598891988
3.733 10.928 4268.34646807 3922.37513012 3805.35969895
20.454 11.107 3748.51855146 3353.89240921 3677.86441126
78.373 11.163 2453.91584295 2050.92191906 2199.86340092
34.576 11.909 919.305089566 823.282959914 800.194780841
73.056 12.048 2453.91584295 2339.64047872 2232.52183121
9.379 12.332 5280.31297127 4277.09726484 4153.32307013
58.875 12.352 1273.67805023 1279.82068929 941.8803021
21.733 12.607 2624.57909018 2493.15412206 2093.12764858
12.966 12.916 2347.79224905 2169.4474091 2370.25850955
3.973 13.432 1780.98255095 1542.94031451 1403.44602379
94.039 13.445 2187.05479713 1915.79540199 2072.0284511
71.45 13.515 2534.30957558 2261.25284666 2481.96535161
32.493 13.58 2581.42590835 2322.46472611 2318.43921718
-0.676 13.604 2730.60992553 2280.07496759 2316.30483882
50.694 13.609 840.736039441 811.239570781 682.960701389
37.242 13.921 2593.34122897 2350.43976849 2280.31956993
17.123 13.968 17630.2984626 17472.2617261 13243.2846679
76.066 14.334 7458.64031927 6975.07893234 6251.66523667
86.056 14.584 1743.65140678 1573.07390424 1564.57257892
63.76 15.049 2046.72580197 1781.34946056 1973.311807
91.866 15.277 1662.10962532 1547.20951155 1679.56074018
26.781 15.555 1284.27983779 1169.36240348 1095.45795742
38.958 16.153 1414.68472577 1316.88886835 1284.68222266
12.494 16.164 2339.15857633 2098.69402749 1953.42038015
49.502 16.694 1751.69973599 1609.71550255 1561.69318256
71.386 16.817 3786.68923061 3391.16660337 3280.92055519
54.095 16.828 1208.5362025 1132.26772124 1067.56841039
63.649 16.834 2875.14442069 2792.21674085 2530.43807924
88.181 17.086 3479.04194239 3011.26604168 2989.48042779
34.044 17.407 1897.84030009 1608.23358233 1834.82950176
76.184 17.829 3917.95699332 3388.04466143 3375.94773489
94.703 17.857 819.331523507 801.584160045 537.521344556
85.816 18.427 4784.75455464 4532.61807793 4329.0810259
61.867 18.568 1106.26625354 1043.15567869 1005.53157933
47.336 18.604 1091.08771151 1014.72679041 930.669999362
79.535 18.717 3080.77275212 1822.84241979 5696.33752227
66.943 18.997 895.900263895 746.017691307 880.634538365
38.15 19.394 2262.87031107 1989.52374395 1933.72946336
0.635 19.517 3821.72703467 3381.80939718 3454.58365942
20.614 19.613 1703.96105508 1660.92157528 1398.28505027
7.588 20.145 775.28193502 743.274317147 567.539004965
73.036 20.411 1994.61768125 1673.20489556 1765.20729848
60.112 20.5 2371.69951359 2079.45308499 1863.78458062
36.059 21.32 4079.99531613 3560.81267018 3600.77275951
89.332 21.594 910.876849844 828.608008796 907.811571944
65.431 21.734 1029.57897321 792.043668452 812.074202747
29.564 21.901 1286.64774893 1198.80660364 1303.75418176
15.555 21.957 1473.19306077 1417.585057 1203.36039649
56.316 22.489 3765.82092695 3372.47801022 3165.1603336
45.323 22.745 801.419055482 795.699575917 503.495640321
15.547 23.65 1026.73806803 991.628788692 573.318181182
77.279 23.847 1084.07583698 869.258861265 953.225637543
80.581 24.191 1414.68472577 1396.84792371 1022.3408501
29.28 24.979 4896.20580554 4437.60994949 4405.50516178
76.134 25.615 1827.50958952 1723.2533308 1624.78430195
55.438 25.635 1981.79927189 1841.40418817 1863.78458062
-0.495 25.998 1095.11484088 1031.6897757 1066.58559622
95.06 26.458 785.343519753 789.858191658 642.089716462
58.468 26.904 2738.16531293 2316.05637646 2779.68583797
67.944 27.369 1820.78918243 1702.74309029 1462.83625181
35.643 27.481 3903.54926265 3583.84424311 3701.65308262
4.472 27.504 1435.68665821 1285.72807319 1178.13678021
18.772 28.141 2356.45778805 2173.44736188 2093.12764858
0.037 28.283 2262.87031107 2037.74167055 1807.98871098
33.036 28.429 524.154917396 418.359009979 508.154428121
9.977 28.491 1753.31385429 1735.99762463 1135.52242257
64.605 28.839 1274.85169147 1263.42401193 952.348088474
88.486 29.014 2820.06854528 2434.16002865 2479.68042945
25.523 29.781 937.259097338 924.589860822 718.448619181
37.637 30.516 798.471950671 656.975428129 621.148891369
75.079 30.729 28019.4537643 18431.0096538 46472.4655799
17.932 31.208 2250.39971686 1987.69216846 1860.35452272
70.438 31.251 1378.66790202 1395.56197152 1166.26089648
58.874 31.781 191893.235053 203024.816482 140603.364947
93.862 31.782 1545.46674523 1350.04774134 1306.15799904
3.709 32.197 1448.9709033 1241.50686853 1231.39026092
41.801 32.996 1452.98009421 1326.62789998 1094.44946785
29.526 33.429 7590.31263908 7783.03756518 6042.20859632
80.094 34.034 1044.86375549 915.269787066 1140.76375593
33.988 34.098 1998.29528896 1755.29100219 1731.3932276
-0.544 34.261 4461.28188107 4058.34652267 4145.67940853
54.942 34.267 808.089873565 832.432689588 669.261302702
87.874 34.526 3434.46950445 3061.60477525 3375.94773489
17.428 34.556 3058.15620436 2812.86653735 2849.67750688
14.008 35.056 824.631014236 755.699485599 790.670825704
24.393 35.085 2738.16531293 2387.53159026 2259.41347445
82.156 35.146 4740.8876612 4376.72365841 4353.07063644
8.776 35.358 1201.87600439 996.205939215 1044.22891415
89.583 35.385 2273.31524585 2096.76194875 1966.05523295
21.082 35.463 2005.67085883 1836.32322322 1829.76667826
66.321 35.911 1289.02002595 1173.67843934 992.649011465
17.855 36.461 5304.68578855 5099.75281781 4434.00026186
86.528 36.612 5183.93639804 4733.13755965 4541.46231143
51.404 36.983 2131.37400428 2066.08948096 1957.0220297
3.061 37.048 2612.52024463 2356.94325434 2122.24595469
81.99 37.198 2367.334703 2189.52105883 2077.76159427
70.701 37.812 1051.62200368 771.878824165 769.122850625
77.98 38.065 2086.69831096 2033.9914668 2081.59249988
28.731 38.283 12355.4812084 12380.8119321 9655.96570088
36.954 38.793 1665.17416608 1620.12724936 1267.05572176
67.741 39.033 849.297145693 828.608008796 656.441024228
83.48 39.037 1989.1139561 1797.83208418 1907.19770047
14.017 39.478 1686.78474439 1496.74951674 1380.37064318
24.609 39.537 2438.14575422 2400.762101 1865.50198043
8.591 39.543 56579.5728641 59094.7808727 41152.4517534
19.26 40.215 1387.58521761 1180.18238059 1189.03794562
86.808 40.399 4968.89322602 4392.87784309 4475.02756115
95.466 40.416 623.246236268 614.82161388 332.350023966
49.269 41.062 2229.76792825 2017.20077618 1545.95096403
43.555 41.823 677.734610175 598.06601802 492.941876989
51.445 42.331 976.022129302 1006.35017533 928.957219881
80.36 42.381 516.011837382 456.19353528 521.910115655
10.413 42.839 1780.98255095 1860.15496864 1601.01615593
31.786 42.882 2033.57251981 1812.79680294 1946.236954
75.016 42.971 1224.22054758 1157.57496745 1083.41717105
13.805 43.155 4244.82376927 3962.3161683 3890.41305956
7.503 43.883 37141.5192681 37458.3916886 28209.5211666
84.599 43.933 20075.1900093 20528.1175812 15121.5292695
72.143 43.976 2683.24089602 2436.40300566 2613.33878791
0.562 44.041 1858.05970268 1642.66546447 1583.41849883
42.519 45.052 3075.10298264 2805.10502774 2951.18010458
66.047 45.068 2546.00741709 2324.60478055 2320.57556229
27.417 45.087 2888.41548436 2525.51019837 2718.91552429
14.825 45.242 2740.68841814 2339.64047872 2079.67616497
33.616 45.378 1253.89065164 1182.35836041 1230.25663071
59.691 45.679 1138.30767615 1094.33206987 963.819512706
18.718 45.715 31035.5656021 20565.9666208 52528.5864958
53.88 45.78 1685.23187346 1541.51986821 1523.33603095
30.189 46.004 4424.45379941 3826.03665646 3571.04821918
74.946 46.662 2440.39240391 2081.36921433 2468.28733277
2.558 47.206 4012.91226254 3633.70048279 3787.8756593
95.997 47.522 734.276559807 705.909662551 618.864704496
12.57 47.531 3234.89109582 2956.30424231 2967.53407461
67.121 47.575 1882.17354345 1843.10096538 1567.45728422
51.875 47.842 1465.07434855 1232.39272684 1085.41473849
82.481 48.144 2373.88493583 2316.05637646 2197.83818464
37.938 49.047 5795.0830533 5039.05532489 5142.75357108
31.75 49.085 4469.50743969 4168.20554108 4043.85630053
71.246 49.149 1772.79967943 1715.33570095 1574.69233831
92.366 49.211 910.876849844 822.525037375 874.975141021
7.522 49.667 13275.7683119 13217.4941419 10064.5813476
15.672 49.668 3821.72703467 3547.71828706 3571.04821918
23.538 49.676 85321.7323202 89361.2276671 63444.7535082
56.208 50.201 2690.66521696 2527.83735076 2214.09226355
33.764 50.48 3396.71934407 3188.2262016 3363.53316632
83.631 50.54 996.918521027 798.636448085 919.593122164
79.575 50.582 978.722707377 945.255311942 933.245091586
9.883 50.981 1954.6079665 1875.638448 1706.06555364
62.318 51.191 1397.84708301 1318.10232655 1250.82258533
73.229 51.247 5539.36094245 5090.36737293 4768.65292421
4.832 51.315 3734.73390661 3687.64517494 3410.32457364
52.946 51.373 2341.31401346 2062.28710668 2307.78695658
27.105 51.564 9083.63478048 7804.5726308 7634.76571238
66.686 51.622 6771.10680905 6337.95463891 6350.32152042
96.578 51.779 1615.32406984 1276.28929509 1296.56924091
36.434 51.846 7282.15073933 7324.01333897 5786.23028998
91.532 52.014 4950.62082654 4495.20111278 4269.68380748
82.628 52.374 8361.02774365 8255.60920468 6625.14998241
15.144 52.88 2061.86233156 1807.79477401 1760.33658271
88.673 53.163 1452.98009421 1531.61329168 1203.36039649
45.111 53.208 6568.40109037 6326.29044143 5525.80702794
18.008 53.212 1452.98009421 1286.91281802 1183.57481251
95.294 54.172 14964.41227 15273.8712911 11523.8000558
25.701 54.308 13398.6074837 13562.7927858 10009.1158138
34.678 54.592 1915.40080018 1596.42722901 1617.31909618
51.373 54.625 2102.13045663 1924.63831179 1855.22126833
68.506 55.651 5935.53218851 5424.3677668 5291.70608594
83.326 55.694 2598.12274263 2385.33360477 2342.0475836
32.395 55.723 1992.78141623 1931.74201884 1865.50198043
57.751 55.756 1689.89478028 1514.77847998 1533.18906961
76.891 56.049 3270.84274366 3156.0881644 3022.70465216
53.756 56.08 1278.37910793 1100.39631307 1214.49495315
7.162 56.09 7710.09385082 7085.15126351 6570.45907271
39.772 57.193 2207.29136601 1991.35700715 2072.0284511
36.284 57.573 1052.59102952 922.038650875 767.707378075
65.776 58.149 1371.07011444 1403.29548078 1017.64362057
6.879 58.502 2094.40017028 2004.23723658 1676.46972276
52.055 58.788 1273.67805023 1204.34004351 893.708141788
75.578 58.956 1393.99001997 1313.25519236 1093.44190671
1.192 59.146 2033.57251981 1889.50970365 1779.90045644
26.516 59.176 7681.74107516 5947.70098415 6064.50997085
91.52 59.654 4706.08388928 4340.59360867 4153.32307013
85.924 59.674 4432.61145568 3907.95115238 4242.24468699
39.084 59.984 1133.07762746 987.072668266 883.071186321
34.945 60.01 1089.07970368 986.163959281 744.724625004
93.699 60.075 3734.73390661 3531.41800218 3293.03020631
77.566 60.188 2098.26175353 2007.9325805 1422.96990279
82.1 60.24 5951.95534902 5444.38873351 6120.62419072
51.154 61.229 5398.33292176 5123.29220729 4893.23095469
54.793 61.414 3092.14367153 2753.90609094 2839.19822237
69.993 61.753 1024.84848752 864.468407977 813.571477327
84.027 62.008 8595.27278956 8700.59847074 6674.14617848
73.839 62.412 3734.73390661 3583.84424311 3512.33324515
6.693 62.435 4098.82771884 3657.20349893 3698.24530372
42.412 62.885 2453.91584295 2116.16304819 2021.13682249
10.968 62.982 1875.25211743 1707.4544493 1438.78438041
92.209 63.0 2165.00879286 2066.08948096 1976.95013168
18.697 63.517 5736.6673127 5315.5612476 5123.84182486
24.99 63.691 6520.18118942 5354.87240007 5248.0228153
30.225 64.49 3276.8734114 2929.2006821 3323.50023966
15.76 64.66 3243.84179038 2950.86354125 2741.54711849
65.221 64.677 1609.38394488 1403.29548078 1379.09986014
32.86 65.314 1084.07583698 1023.17313041 942.74820554
48.737 65.86 2718.06391255 2506.96994026 2716.41246343
9.089 66.102 10564.760703 9789.24339199 9238.37771158
62.36 66.267 2447.14478178 2352.60560077 2199.86340092
69.677 66.4 1317.83083328 1208.78517941 1194.52629541
78.188 66.464 6220.99231029 5942.22547106 5030.32117191
84.121 66.551 1385.03154392 1418.89130254 1169.48785058
58.971 67.015 2177.00619311 1912.26962481 2157.72311686
42.046 67.757 2983.04403605 2810.27698424 2546.80512085
49.895 68.238 2059.96416044 1812.79680294 1986.07531888
32.821 68.919 6295.9267201 6361.34759165 5380.16648071
1.333 69.45 1229.87129288 1336.43895646 1000.91158138
21.725 69.585 7275.44671843 6778.74233853 5807.58686627
82.853 69.898 2442.6411238 2137.71166256 2073.93773895
76.249 70.166 71032.9194487 51564.3000167 105001.551062
16.009 70.222 29638.735053 30419.2937396 23035.3976891
36.39 70.231 1621.2861194 1455.9589371 1475.01254642
43.003 70.384 2999.57458011 2639.66689976 2910.68839555
67.695 70.4 1990.9468417 2085.20677155 1533.18906961
51.362 71.366 1710.25025762 1491.24543286 1639.81824599
57.751 71.498 58594.8793711 61256.0694672 43211.1390419
28.239 71.928 1732.44583204 1570.17886227 1563.13221774
35.258 71.958 2298.58021668 2167.45019409 2089.275514
17.189 72.182 5246.37904305 5128.01310752 3854.74553824
44.739 72.309 5990.45299166 5664.33755789 5072.19234681
59.95 72.313 12040.9198217 10137.9262277 9078.11571944
92.279 72.416 1022.96238454 907.714193999 788.489136978
81.189 72.686 8185.772387 7337.51710373 7345.06620086
46.087 73.017 3903.54926265 3317.0279164 3742.79218874
72.792 73.1 1409.48242352 1445.27046135 1043.26758655
85.778 73.338 2980.29781583 2792.21674085 2523.45587116
5.702 73.379 1721.31226991 1654.81377196 1360.1779007
13.558 73.578 1412.0811789 1384.04154497 1380.37064318
94.253 73.655 1283.09751691 1233.52832537 1202.25257086
26.415 74.058 2531.97646481 2320.32664182 2161.70145278
37.083 74.313 5260.89536988 5020.52491425 4277.55610413
56.91 74.362 3553.52736754 3473.35462595 2873.39753215
0.173 75.017 4714.76080545 4141.41857062 4130.434261
39.601 75.135 2548.3534568 2385.33360477 2288.73607194
3.242 75.798 1927.78973981 1612.68344082 1670.30474334
88.936 75.841 2044.8415657 1860.15496864 1908.95510366
45.852 76.322 6616.97760087 6467.68897004 5439.96010124
7.608 76.489 1652.94980093 1435.98243158 1331.66723545
24.579 76.665 1469.12809645 1425.44060722 1132.38918888
96.665 76.677 3172.92396203 2823.24863343 3101.67089236
84.965 76.814 3225.9650988 2926.50403062 3014.3641387
20.45 77.178 5800.4229808 5796.2769289 4848.36954364
28.91 77.221 4510.86328284 4324.63169184 4281.49769379
60.224 77.69 21118.3344995 20321.1895388 16383.0861289
14.367 77.721 14489.709033 14307.0181003 11386.6432567
50.029 77.994 5875.70068904 5199.35087592 4698.89471762
93.701 78.468 5575.18989705 4587.21532602 4462.67967015
67.39 78.477 117019.884337 123808.119321 78342.1912002
36.587 79.043 2167.00375823 1745.61765869 1824.71782455
8.622 79.22 2402.47935578 2083.28710931 2372.44260397
65.195 79.748 12152.3330811 13108.3831361 10587.5558537
0.973 79.769 7745.68202706 7283.65097358 6070.09816402
74.97 79.812 6858.98202169 6515.52066558 5081.54428121
14.007 80.348 5270.59522844 4528.44530433 4893.23095469
31.128 80.451 2506.45357255 2328.89080717 2218.17453098
79.063 81.328 2907.09794761 2828.45404249 2305.6623848
4.442 81.383 2221.56827322 1879.09668588 2240.76191507
82.898 81.531 1559.76677296 1247.23740387 1279.95798615
48.333 82.15 3365.57803394 2972.68660775 2701.44241527
90.753 82.263 5789.7480418 5142.20192491 5053.54007948
94.288 82.282 3537.20039235 3053.15692514 3265.84609453
68.192 82.337 8407.36039441 8255.60920468 6486.28032923
29.959 83.25 6941.60127984 5997.20820638 5618.18084144
55.427 83.293 6057.02916069 5499.82823918 5449.99011322
24.969 83.397 1738.84016993 1596.42722901 1303.75418176
43.954 83.421 59904.5299166 62798.4792151 43933.4910312
51.67 84.092 1671.3202089 1558.651876 1553.08674946
4.858 84.837 5973.92360505 5509.96863397 5142.75357108
37.883 85.109 2001.97967732 1880.82819516 1699.79173975
75.355 85.788 1890.8612618 1671.66452638 1537.4312857
55.463 85.827 1473.19306077 1445.27046135 1264.72386725
45.841 86.256 10248.4848752 9557.60607202 8195.8823283
14.788 86.594 2553.05202356 2234.33931113 2558.56063917
30.234 86.952 1544.04397307 1247.23740387 1289.423896
87.0 87.0 3717.574363 3208.8478605 3070.40535214
40.316 87.29 2343.47143674 2069.89886593 2228.41315941
69.521 87.43 4548.41061611 3637.04878633 3708.4780637
61.518 87.895 12029.8348303 11954.9875065 9567.43927522
1.196 88.179 3217.06373118 2797.36493438 3061.9332187
54.94 88.285 1978.15202299 1903.48354397 1587.79969589
83.595 88.322 2352.12102792 2159.47970368 2112.49512026
19.753 88.326 123554.812084 130842.588281 84022.5222612
92.625 89.136 2302.8182601 2009.78280668 2128.11804583
63.388 89.849 2033.57251981 1965.84434071 1710.78610566
88.583 90.404 2488.05321281 2240.52155595 2318.43921718
9.587 90.983 7618.32795869 7398.59281867 6988.68899735
33.028 91.059 1450.30606959 1269.2557122 1424.28111025
-0.332 91.249 41673.4700396 43405.9360867 31274.8844952
23.087 91.943 2740.68841814 2418.51690066 2297.18363868
5.709 92.194 3428.1488012 2975.42581456 2908.00878667
94.915 92.229 3680.10037727 3298.7478988 3314.32974447
15.254 92.768 25530.5202356 16639.8392555 39994.0803167
34.834 93.072 2492.64060004 2181.46940595 2314.17242539
10.498 93.316 44530.7146054 46940.652972 32121.4923668
30.975 93.55 6827.46786191 5653.91306677 5738.46469989
17.533 93.645 3184.63500519 3259.48604937 5123.84182486
2.552 93.855 7824.55530442 7230.1802851 7118.61842649
48.652 94.093 4237.0117123 3557.53455037 3509.09975598
96.111 94.498 3772.7642185 3419.39385271 3660.96615925
84.989 94.739 1612.35127183 1483.02723469 1351.43671821
66.575 94.876 2311.31780322 1960.4200095 1799.68175742
54.471 95.173 3140.94017484 2686.26668864 2618.15717239
41.458 95.417 1322.69485585 1233.52832537 999.990132153
89.527 95.621 2458.44028887 2346.11408376 2199.86340092
71.145 95.925 1090.08324524 997.123901465 909.485363804
30.006 96.408 1659.05072446 1377.6824517 1336.58232723
60.523 96.742 4523.3444942 3907.95115238 3922.79591546
93.685 97.191 3038.50296531 2625.11979355 2493.42158315
56.993 97.208 7342.76559807 7007.27443386 6510.22074185
67.689 97.841 5174.39602401 4655.31557803 4289.39177249
16.73 98.166 1805.75848621 1473.49656104 1469.58839716
74.696 98.254 8563.66489401 7790.2093099 7620.71489946
36.229 98.257 1947.42017317 1787.92429836 2116.39006635
