72.05 1.092 2406.90896487 2292.71000726
55.569 1.4 1321.47716972 1202.1236092
50.297 1.714 919.305089566 906.878543221
76.406 1.723 3024.5423123 2761.52593703
65.34 2.643 1951.01075974 1704.31209707
1.422 2.865 4167.34700396 3350.80478227
69.665 2.946 1358.50006807 1306.01789179
37.411 3.132 2909.7767172 2596.26564501
32.526 3.27 4461.28188107 4043.42252944
78.137 3.631 1461.0317861 1372.61622006
97.558 3.784 3882.0369477 3674.08438329
52.285 3.863 4469.50743969 4187.4451037
9.121 4.203 1666.70855467 1554.35110618
62.855 4.451 3211.14313553 2913.05796598
28.615 4.712 18683.5614397 12821.8037881
18.085 4.793 11072.8563178 10913.1249224
75.176 5.17 6808.62891 6503.52968047
21.878 5.317 40203.1113263 28025.2261996
38.914 6.211 1482.72177136 1451.9415267
8.097 6.603 1924.24188858 1732.80274233
94.05 6.708 926.103796393 933.144985471
25.98 6.725 1014.51778426 969.056561681
10.366 7.266 2195.1270653 2058.49173018
31.747 8.663 3027.32930198 2769.16686666
48.594 9.092 2369.51610326 2191.53861122
1.66 9.391 2626.99753042 2282.17596164
92.301 9.471 1915.40080018 1734.39944783
87.199 9.593 1386.30779276 1295.23665562
51.94 10.636 7674.66918739 7033.13779974
66.766 10.703 1267.82603116 1204.34004351
62.161 10.875 27967.8875319 18825.6129994
5.764 10.894 1206.3120457 1072.38103918
37.604 11.11 7752.8193502 7473.93173156
25.354 11.299 1697.69498018 1468.0779866
87.92 11.415 2492.64060004 2244.6525528
48.731 11.829 1143.56186566 1146.96225635
3.733 11.928 4268.34646807 3922.37513012
20.454 12.107 3748.51855146 3353.89240921
78.373 12.163 2453.91584295 2050.92191906
34.576 12.909 919.305089566 823.282959914
73.056 13.048 2453.91584295 2339.64047872
9.379 13.332 5280.31297127 4277.09726484
58.875 13.352 1273.67805023 1279.82068929
21.733 13.607 2624.57909018 2493.15412206
12.966 13.916 2347.79224905 2169.4474091
3.973 14.432 1780.98255095 1542.94031451
94.039 14.445 2187.05479713 1915.79540199
71.45 14.515 2534.30957558 2261.25284666
32.493 14.58 2581.42590835 2322.46472611
-0.676 14.604 2730.60992553 2280.07496759
50.694 14.609 840.736039441 811.239570781
37.242 14.921 2593.34122897 2350.43976849
17.123 14.968 17630.2984626 17472.2617261
76.066 15.334 7458.64031927 6975.07893234
86.056 15.584 1743.65140678 1573.07390424
63.76 16.049 2046.72580197 1781.34946056
91.866 16.277 1662.10962532 1547.20951155
26.781 16.555 1284.27983779 1169.36240348
38.958 17.153 1414.68472577 1316.88886835
12.494 17.164 2339.15857633 2098.69402749
49.502 17.694 1751.69973599 1609.71550255
71.386 17.817 3786.68923061 3391.16660337
54.095 17.828 1208.5362025 1132.26772124
63.649 17.834 2875.14442069 2792.21674085
88.181 18.086 3479.04194239 3011.26604168
34.044 18.407 1897.84030009 1608.23358233
76.184 18.829 3917.95699332 3388.04466143
94.703 18.857 819.331523507 801.584160045
85.816 19.427 4784.75455464 4532.61807793
61.867 19.568 1106.26625354 1043.15567869
47.336 19.604 1091.08771151 1014.72679041
79.535 19.717 3080.77275212 1822.84241979
66.943 19.997 895.900263895 746.017691307
38.15 20.394 2262.87031107 1989.52374395
0.635 20.517 3821.72703467 3381.80939718
20.614 20.613 1703.96105508 1660.92157528
7.588 21.145 775.28193502 743.274317147
73.036 21.411 1994.61768125 1673.20489556
60.112 21.5 2371.69951359 2079.45308499
36.059 22.32 4079.99531613 3560.81267018
89.332 22.594 910.876849844 828.608008796
65.431 22.734 1029.57897321 792.043668452
29.564 22.901 1286.64774893 1198.80660364
15.555 22.957 1473.19306077 1417.585057
56.316 23.489 3765.82092695 3372.47801022
45.323 23.745 801.419055482 795.699575917
15.547 24.65 1026.73806803 991.628788692
77.279 24.847 1084.07583698 869.258861265
80.581 25.191 1414.68472577 1396.84792371
29.28 25.979 4896.20580554 4437.60994949
76.134 26.615 1827.50958952 1723.2533308
55.438 26.635 1981.79927189 1841.40418817
-0.495 26.998 1095.11484088 1031.6897757
95.06 27.458 785.343519753 789.858191658
58.468 27.904 2738.16531293 2316.05637646
67.944 28.369 1820.78918243 1702.74309029
35.643 28.481 3903.54926265 3583.84424311
4.472 28.504 1435.68665821 1285.72807319
18.772 29.141 2356.45778805 2173.44736188
0.037 29.283 2262.87031107 2037.74167055
33.036 29.429 524.154917396 418.359009979
9.977 29.491 1753.31385429 1735.99762463
64.605 29.839 1274.85169147 1263.42401193
88.486 30.014 2820.06854528 2434.16002865
25.523 30.781 937.259097338 924.589860822
37.637 31.516 798.471950671 656.975428129
75.079 31.729 28019.4537643 18431.0096538
17.932 32.208 2250.39971686 1987.69216846
70.438 32.251 1378.66790202 1395.56197152
58.874 32.781 191893.235053 203024.816482
93.862 32.782 1545.46674523 1350.04774134
3.709 33.197 1448.9709033 1241.50686853
41.801 33.996 1452.98009421 1326.62789998
29.526 34.429 7590.31263908 7783.03756518
80.094 35.034 1044.86375549 915.269787066
33.988 35.098 1998.29528896 1755.29100219
-0.544 35.261 4461.28188107 4058.34652267
54.942 35.267 808.089873565 832.432689588
87.874 35.526 3434.46950445 3061.60477525
17.428 35.556 3058.15620436 2812.86653735
14.008 36.056 824.631014236 755.699485599
24.393 36.085 2738.16531293 2387.53159026
82.156 36.146 4740.8876612 4376.72365841
8.776 36.358 1201.87600439 996.205939215
89.583 36.385 2273.31524585 2096.76194875
21.082 36.463 2005.67085883 1836.32322322
66.321 36.911 1289.02002595 1173.67843934
17.855 37.461 5304.68578855 5099.75281781
86.528 37.612 5183.93639804 4733.13755965
51.404 37.983 2131.37400428 2066.08948096
3.061 38.048 2612.52024463 2356.94325434
81.99 38.198 2367.334703 2189.52105883
70.701 38.812 1051.62200368 771.878824165
77.98 39.065 2086.69831096 2033.9914668
28.731 39.283 12355.4812084 12380.8119321
36.954 39.793 1665.17416608 1620.12724936
67.741 40.033 849.297145693 828.608008796
83.48 40.037 1989.1139561 1797.83208418
14.017 40.478 1686.78474439 1496.74951674
24.609 40.537 2438.14575422 2400.762101
8.591 40.543 56579.5728641 59094.7808727
19.26 41.215 1387.58521761 1180.18238059
86.808 41.399 4968.89322602 4392.87784309
95.466 41.416 623.246236268 614.82161388
49.269 42.062 2229.76792825 2017.20077618
43.555 42.823 677.734610175 598.06601802
51.445 43.331 976.022129302 1006.35017533
80.36 43.381 516.011837382 456.19353528
10.413 43.839 1780.98255095 1860.15496864
31.786 43.882 2033.57251981 1812.79680294
75.016 43.971 1224.22054758 1157.57496745
13.805 44.155 4244.82376927 3962.3161683
7.503 44.883 37141.5192681 37458.3916886
84.599 44.933 20075.1900093 20528.1175812
72.143 44.976 2683.24089602 2436.40300566
0.562 45.041 1858.05970268 1642.66546447
42.519 46.052 3075.10298264 2805.10502774
66.047 46.068 2546.00741709 2324.60478055
27.417 46.087 2888.41548436 2525.51019837
14.825 46.242 2740.68841814 2339.64047872
33.616 46.378 1253.89065164 1182.35836041
59.691 46.679 1138.30767615 1094.33206987
18.718 46.715 31035.5656021 20565.9666208
53.88 46.78 1685.23187346 1541.51986821
30.189 47.004 4424.45379941 3826.03665646
74.946 47.662 2440.39240391 2081.36921433
2.558 48.206 4012.91226254 3633.70048279
95.997 48.522 734.276559807 705.909662551
12.57 48.531 3234.89109582 2956.30424231
67.121 48.575 1882.17354345 1843.10096538
51.875 48.842 1465.07434855 1232.39272684
82.481 49.144 2373.88493583 2316.05637646
37.938 50.047 5795.0830533 5039.05532489
31.75 50.085 4469.50743969 4168.20554108
71.246 50.149 1772.79967943 1715.33570095
92.366 50.211 910.876849844 822.525037375
7.522 50.667 13275.7683119 13217.4941419
15.672 50.668 3821.72703467 3547.71828706
23.538 50.676 85321.7323202 89361.2276671
56.208 51.201 2690.66521696 2527.83735076
33.764 51.48 3396.71934407 3188.2262016
83.631 51.54 996.918521027 798.636448085
79.575 51.582 978.722707377 945.255311942
9.883 51.981 1954.6079665 1875.638448
62.318 52.191 1397.84708301 1318.10232655
73.229 52.247 5539.36094245 5090.36737293
4.832 52.315 3734.73390661 3687.64517494
52.946 52.373 2341.31401346 2062.28710668
27.105 52.564 9083.63478048 7804.5726308
66.686 52.622 6771.10680905 6337.95463891
96.578 52.779 1615.32406984 1276.28929509
36.434 52.846 7282.15073933 7324.01333897
91.532 53.014 4950.62082654 4495.20111278
82.628 53.374 8361.02774365 8255.60920468
15.144 53.88 2061.86233156 1807.79477401
88.673 54.163 1452.98009421 1531.61329168
45.111 54.208 6568.40109037 6326.29044143
18.008 54.212 1452.98009421 1286.91281802
95.294 55.172 14964.41227 15273.8712911
25.701 55.308 13398.6074837 13562.7927858
34.678 55.592 1915.40080018 1596.42722901
51.373 55.625 2102.13045663 1924.63831179
68.506 56.651 5935.53218851 5424.3677668
83.326 56.694 2598.12274263 2385.33360477
32.395 56.723 1992.78141623 1931.74201884
57.751 56.756 1689.89478028 1514.77847998
76.891 57.049 3270.84274366 3156.0881644
53.756 57.08 1278.37910793 1100.39631307
7.162 57.09 7710.09385082 7085.15126351
39.772 58.193 2207.29136601 1991.35700715
36.284 58.573 1052.59102952 922.038650875
65.776 59.149 1371.07011444 1403.29548078
6.879 59.502 2094.40017028 2004.23723658
52.055 59.788 1273.67805023 1204.34004351
75.578 59.956 1393.99001997 1313.25519236
1.192 60.146 2033.57251981 1889.50970365
26.516 60.176 7681.74107516 5947.70098415
91.52 60.654 4706.08388928 4340.59360867
85.924 60.674 4432.61145568 3907.95115238
39.084 60.984 1133.07762746 987.072668266
34.945 61.01 1089.07970368 986.163959281
93.699 61.075 3734.73390661 3531.41800218
77.566 61.188 2098.26175353 2007.9325805
82.1 61.24 5951.95534902 5444.38873351
51.154 62.229 5398.33292176 5123.29220729
54.793 62.414 3092.14367153 2753.90609094
69.993 62.753 1024.84848752 864.468407977
84.027 63.008 8595.27278956 8700.59847074
73.839 63.412 3734.73390661 3583.84424311
6.693 63.435 4098.82771884 3657.20349893
42.412 63.885 2453.91584295 2116.16304819
10.968 63.982 1875.25211743 1707.4544493
92.209 64.0 2165.00879286 2066.08948096
18.697 64.517 5736.6673127 5315.5612476
24.99 64.691 6520.18118942 5354.87240007
30.225 65.49 3276.8734114 2929.2006821
15.76 65.66 3243.84179038 2950.86354125
65.221 65.677 1609.38394488 1403.29548078
32.86 66.314 1084.07583698 1023.17313041
48.737 66.86 2718.06391255 2506.96994026
9.089 67.102 10564.760703 9789.24339199
62.36 67.267 2447.14478178 2352.60560077
69.677 67.4 1317.83083328 1208.78517941
78.188 67.464 6220.99231029 5942.22547106
84.121 67.551 1385.03154392 1418.89130254
58.971 68.015 2177.00619311 1912.26962481
42.046 68.757 2983.04403605 2810.27698424
49.895 69.238 2059.96416044 1812.79680294
32.821 69.919 6295.9267201 6361.34759165
1.333 70.45 1229.87129288 1336.43895646
21.725 70.585 7275.44671843 6778.74233853
82.853 70.898 2442.6411238 2137.71166256
76.249 71.166 71032.9194487 51564.3000167
16.009 71.222 29638.735053 30419.2937396
36.39 71.231 1621.2861194 1455.9589371
43.003 71.384 2999.57458011 2639.66689976
67.695 71.4 1990.9468417 2085.20677155
51.362 72.366 1710.25025762 1491.24543286
57.751 72.498 58594.8793711 61256.0694672
28.239 72.928 1732.44583204 1570.17886227
35.258 72.958 2298.58021668 2167.45019409
17.189 73.182 5246.37904305 5128.01310752
44.739 73.309 5990.45299166 5664.33755789
59.95 73.313 12040.9198217 10137.9262277
92.279 73.416 1022.96238454 907.714193999
81.189 73.686 8185.772387 7337.51710373
46.087 74.017 3903.54926265 3317.0279164
72.792 74.1 1409.48242352 1445.27046135
85.778 74.338 2980.29781583 2792.21674085
5.702 74.379 1721.31226991 1654.81377196
13.558 74.578 1412.0811789 1384.04154497
94.253 74.655 1283.09751691 1233.52832537
26.415 75.058 2531.97646481 2320.32664182
37.083 75.313 5260.89536988 5020.52491425
56.91 75.362 3553.52736754 3473.35462595
0.173 76.017 4714.76080545 4141.41857062
39.601 76.135 2548.3534568 2385.33360477
3.242 76.798 1927.78973981 1612.68344082
88.936 76.841 2044.8415657 1860.15496864
45.852 77.322 6616.97760087 6467.68897004
7.608 77.489 1652.94980093 1435.98243158
24.579 77.665 1469.12809645 1425.44060722
96.665 77.677 3172.92396203 2823.24863343
84.965 77.814 3225.9650988 2926.50403062
20.45 78.178 5800.4229808 5796.2769289
28.91 78.221 4510.86328284 4324.63169184
60.224 78.69 21118.3344995 20321.1895388
14.367 78.721 14489.709033 14307.0181003
50.029 78.994 5875.70068904 5199.35087592
93.701 79.468 5575.18989705 4587.21532602
67.39 79.477 117019.884337 123808.119321
36.587 80.043 2167.00375823 1745.61765869
8.622 80.22 2402.47935578 2083.28710931
65.195 80.748 12152.3330811 13108.3831361
0.973 80.769 7745.68202706 7283.65097358
74.97 80.812 6858.98202169 6515.52066558
14.007 81.348 5270.59522844 4528.44530433
31.128 81.451 2506.45357255 2328.89080717
79.063 82.328 2907.09794761 2828.45404249
4.442 82.383 2221.56827322 1879.09668588
82.898 82.531 1559.76677296 1247.23740387
48.333 83.15 3365.57803394 2972.68660775
90.753 83.263 5789.7480418 5142.20192491
94.288 83.282 3537.20039235 3053.15692514
68.192 83.337 8407.36039441 8255.60920468
29.959 84.25 6941.60127984 5997.20820638
55.427 84.293 6057.02916069 5499.82823918
24.969 84.397 1738.84016993 1596.42722901
43.954 84.421 59904.5299166 62798.4792151
51.67 85.092 1671.3202089 1558.651876
4.858 85.837 5973.92360505 5509.96863397
37.883 86.109 2001.97967732 1880.82819516
75.355 86.788 1890.8612618 1671.66452638
55.463 86.827 1473.19306077 1445.27046135
45.841 87.256 10248.4848752 9557.60607202
14.788 87.594 2553.05202356 2234.33931113
30.234 87.952 1544.04397307 1247.23740387
87.0 88.0 3717.574363 3208.8478605
40.316 88.29 2343.47143674 2069.89886593
69.521 88.43 4548.41061611 3637.04878633
61.518 88.895 12029.8348303 11954.9875065
1.196 89.179 3217.06373118 2797.36493438
54.94 89.285 1978.15202299 1903.48354397
83.595 89.322 2352.12102792 2159.47970368
19.753 89.326 123554.812084 130842.588281
92.625 90.136 2302.8182601 2009.78280668
63.388 90.849 2033.57251981 1965.84434071
88.583 91.404 2488.05321281 2240.52155595
9.587 91.983 7618.32795869 7398.59281867
33.028 92.059 1450.30606959 1269.2557122
-0.332 92.249 41673.4700396 43405.9360867
23.087 92.943 2740.68841814 2418.51690066
5.709 93.194 3428.1488012 2975.42581456
94.915 93.229 3680.10037727 3298.7478988
15.254 93.768 25530.5202356 16639.8392555
34.834 94.072 2492.64060004 2181.46940595
10.498 94.316 44530.7146054 46940.652972
30.975 94.55 6827.46786191 5653.91306677
17.533 94.645 3184.63500519 3259.48604937
2.552 94.855 7824.55530442 7230.1802851
48.652 95.093 4237.0117123 3557.53455037
96.111 95.498 3772.7642185 3419.39385271
84.989 95.739 1612.35127183 1483.02723469
66.575 95.876 2311.31780322 1960.4200095
54.471 96.173 3140.94017484 2686.26668864
41.458 96.417 1322.69485585 1233.52832537
89.527 96.621 2458.44028887 2346.11408376
71.145 96.925 1090.08324524 997.123901465
30.006 97.408 1659.05072446 1377.6824517
60.523 97.742 4523.3444942 3907.95115238
93.685 98.191 3038.50296531 2625.11979355
56.993 98.208 7342.76559807 7007.27443386
67.689 98.841 5174.39602401 4655.31557803
16.73 99.166 1805.75848621 1473.49656104
74.696 99.254 8563.66489401 7790.2093099
36.229 99.257 1947.42017317 1787.92429836
